80.4677 801.664
81.2784 677.797
81.7039 688.061
81.7541 696.782
82.1543 724.057
82.1901 750.847
82.2131 766.316
82.2469 769.414
82.2806 771.018
82.3045 771.466
82.3354 770.818
82.4524 639.272
82.4988 633.996
82.5275 629.961
82.5657 627.951
82.6865 623.575
82.7461 620.867
82.814 621.562
82.9245 623.375
82.9938 626.05
83.0214 630.332
83.1721 635.115
83.2123 640.49
83.3639 689.526
83.4141 696.953
83.4512 700.7
83.4882 701.957
83.5185 700.756
83.5494 698.858
83.5803 696.625
83.6112 694.066
83.6421 691.305
83.673 688.285
83.6995 685.671
83.7282 683.271
83.7643 681.866
83.8497 681.631
83.8651 679.695
83.8777 577.739
83.8983 576.015
83.9133 575.137
83.9283 573.914
83.9513 572.912
83.9733 572.421
84.0042 571.895
84.0352 571.435
84.0712 570.707
84.1065 570.397
84.1368 570.777
84.1639 571.11
84.1948 571.306
84.2402 572.989
84.2855 574.053
84.3494 573.978
84.3795 596.711
84.4085 607.419
84.4511 625.486
84.4788 628.823
84.52 632.609
84.5724 637.962
84.6122 639.949
84.6431 644.7
84.6696 648.378
84.7027 651.33
84.7424 652.784
84.7778 653.143
84.8499 655.767
84.8763 655.166
84.8894 556.298
84.905 555.333
84.9323 554.772
84.9654 554.268
85.0052 553.583
85.0208 553.123
85.0364 551.948
85.0972 551.397
85.1127 551.169
85.1286 551.874
85.1598 552.806
85.191 553.941
85.2238 553.989
85.2525 554.344
85.2837 554.653
85.3563 554.181
85.3874 565.567
85.418 576.286
85.448 599.393
85.4768 607.593
85.5195 611.8
85.5477 614.459
85.5896 618.658
85.63 622.125
85.6588 624.402
85.7007 627.026
85.7316 628.373
85.7647 628.809
85.806 629.739
85.8663 632.323
85.9016 633.581
85.9289 633.947
85.9517 538.043
85.9678 537.496
85.9838 537.766
85.9999 537.83
86.0224 537.225
86.0489 537.105
86.0649 536.936
86.1004 536.389
86.1401 536.478
86.1688 536.332
86.2063 536.808
86.2439 536.54
86.277 536.747
86.3253 536.451
86.3697 537.201
86.4095 537.244
86.4416 548.575
86.4731 559.427
86.4886 570.719
86.5037 485.823
86.528 486.454
86.5773 485.975
86.6126 485.649
86.6482 486.114
86.6766 486.327
86.712 486.233
86.7539 486.071
86.7848 485.733
86.8224 485.598
86.8579 485.515
86.8952 485.521
86.9217 485.172
86.9387 485.613
86.9573 486.035
86.9751 486.127
86.9929 496.76
87.0451 507.727
87.0873 514.101
87.1249 517.214
87.175 522.973
87.208 529.177
87.2441 535.773
87.2794 542.503
87.3148 548.256
87.3479 554.334
87.3964 559.492
87.4318 562.47
87.4715 565.135
87.5157 566.017
87.5598 565.766
87.604 565.178
87.6437 564.346
87.6791 562.513
87.7188 560.398
87.7586 557.208
87.7983 553.783
87.8557 550.255
87.9065 548.641
87.9418 548.087
87.9816 547.846
88.0131 546.594
88.039 549.496
88.0704 556.472
88.117 566.394
88.1322 615.998
88.1603 657.128
88.1866 695.472
88.2114 736.496
88.2466 772.572
88.269 811.986
88.3009 849.863
88.3314 886.027
88.3607 919.697
88.3889 950.959
88.4161 983.13
88.4425 1019.83
88.4764 1054.51
88.5091 1079.11
88.5325 1106.76
88.5596 1132.11
88.5672 1152.89
88.5971 1171.94
88.6236 1185.23
88.6567 1190.47
88.6832 1195.93
88.7119 1196.4
88.7495 1192.23
88.7782 1183.89
88.8069 1174.44
88.84 1162.89
88.8731 1148.82
88.9085 1134.78
88.9394 1121.57
88.9659 1108.01
89.0012 1094.16
89.0343 1080.73
89.0763 1065.63
89.1087 1050.17
89.1337 1033.74
89.1602 1016.98
89.1955 1000.83
89.2374 984.279
89.2816 967.207
89.3258 948.174
89.3611 927.778
89.4097 909.697
89.4287 891.731
89.4582 875.988
89.4936 862.865
89.5336 852.528
89.564 840.616
89.5949 832.064
89.615 826.655
89.657 822.039
89.6967 818.36
89.7409 816.675
89.7762 815.523
89.8292 814.268
89.8623 811.033
89.8976 807.173
89.9263 804.541
89.9586 801.877
89.997 798.183
90.0345 793.723
90.0721 788.717
90.114 782.778
90.1582 776.843
90.2068 770.952
90.2465 766.12
90.2995 762.186
90.326 758.125
90.3525 753.874
90.3922 748.993
90.4231 743.94
90.4496 738.765
90.4761 734.73
90.507 730.468
90.538 726.949
90.5799 721.709
90.6064 719.332
90.6184 715.434
90.6432 717.515
90.6553 606.852
90.694 603.863
90.7323 600.947
90.7588 598.43
90.8051 596.944
90.8338 596.004
90.8628 594.917
90.9064 593.915
90.9354 592.965
90.9791 592.137
91.0083 591.074
91.0281 590.823
91.0568 590.864
91.09 589.768
91.1193 589.493
91.1486 602.056
91.1982 613.634
91.2335 625.655
91.2644 631.178
91.3055 636.503
91.3328 640.236
91.3615 644.479
91.3902 648.821
91.419 655.293
91.4587 662.743
91.4852 669.106
91.5161 675.729
91.5545 681.037
91.5798 686.294
91.6088 690.548
91.6353 694.785
91.6523 696.734
91.6927 700.181
91.7413 703.096
91.7766 704.368
91.8164 705.214
91.8517 705.504
91.8885 705.17
91.9135 704.605
91.9445 704.225
91.9754 702.297
92.0019 700.578
92.0372 698.516
92.0681 696.333
92.1053 694.665
92.1321 693.623
92.1608 692.977
92.2006 692.749
92.2492 693.197
92.2867 692.154
92.3242 691.678
92.364 691.176
92.4015 690.312
92.414 689.773
92.439 689.571
92.4516 585.97
92.4663 585.308
92.5009 585.26
92.5452 584.89
92.5759 585.238
92.6055 586.506
92.6349 588.466
92.693 590.752
92.7371 592.766
92.7769 594.197
92.8166 595.458
92.8519 596.568
92.8851 597.306
92.914 597.723
92.9425 620.925
92.9977 632.785
93.0395 639.452
93.0794 645.296
93.1195 650.562
93.1456 657.753
93.1855 666.246
93.2119 675.248
93.2604 687.473
93.2913 698.961
93.3178 708.629
93.33 716.08
93.3598 725.537
93.3955 732.804
93.4216 739.605
93.4481 744.896
93.4834 749.533
93.5188 753.811
93.5497 757.56
93.5762 759.623
93.6071 760.947
93.6336 761.875
93.6645 763.027
93.7131 764.936
93.7469 764.909
93.7749 764.959
93.8014 764.66
93.8279 763.871
93.8544 763.643
93.8853 761.63
93.9118 759.772
93.9515 758.643
93.9869 757.573
94.0178 756.56
94.0487 755.741
94.0796 754.1
94.1061 752.635
94.1414 750.619
94.19 749.135
94.2165 746.721
94.254 744.186
94.2849 741.929
94.3158 739.063
94.3423 736.538
94.3733 734.404
94.4042 731.686
94.4439 728.962
94.477 726.097
94.5101 724.477
94.5477 722.66
94.5786 720.192
94.6051 718.033
94.6404 716.601
94.6868 715.372
94.7155 713.945
94.7574 712.194
94.7861 710.65
94.8193 708.064
94.8458 705.826
94.8723 705.519
94.8958 704.023
94.9473 703.525
94.9738 705.545
95.0003 708.72
95.0312 715.233
95.0675 720.515
95.0909 727.103
95.1271 732.559
95.1461 738.725
95.177 744.838
95.2035 749.313
95.2344 753.918
95.2653 757.712
95.3006 760.279
95.3271 762.728
95.3536 764.451
95.3845 764.886
95.4221 766.577
95.4485 767.302
95.475 768.12
95.5104 768.063
95.5441 769.635
95.5778 769.962
95.6003 769.859
95.6318 768.936
95.6627 769.235
95.6892 768.738
95.7268 768.942
95.7577 768.369
95.7908 768.512
95.8173 767.895
95.8398 767.537
95.8791 766.615
95.9122 766.236
95.9454 766.089
95.9718 766.145
96.0072 765.456
96.0337 765.863
96.0668 765.845
96.0933 766.835
96.133 766.487
96.1662 766.361
96.1926 766.432
96.2258 766.223
96.2589 767.56
96.292 769.575
96.3273 770.532
96.356 771.442
96.4112 772.444
96.4336 773.942
96.4709 775.426
96.5043 777.593
96.5393 779.343
96.5724 780.538
96.5989 781.436
96.6342 781.743
96.6674 782.183
96.6983 782.738
96.7292 782.941
96.7579 785.084
96.7844 789.188
96.8175 794.822
96.8506 798.724
96.8838 806.956
96.9159 815.222
96.9477 823.508
96.9809 829.458
97.0074 835.007
97.0405 839.478
97.0714 843.241
97.1046 846.614
97.1399 848.202
97.1752 851.269
97.2061 856.174
97.2326 860.003
97.2635 864.763
97.2966 868.99
97.3231 871.322
97.3717 878.987
97.4004 882
97.4306 884.818
97.4534 887.148
97.4865 889.835
97.5174 892.916
97.5562 896.925
97.5859 900.768
97.619 904.594
97.6455 906.93
97.6808 912.824
97.7095 918.532
97.7472 924.856
97.7752 929.835
97.7839 931.633
97.8244 940.27
97.8707 951.817
97.9016 958.749
97.9392 967.412
97.9679 972.244
97.9944 978.467
98.0253 985.931
98.054 992.055
98.0915 1001.33
98.126 1010.21
98.1534 1017.33
98.1887 1028.02
98.2196 1038.01
98.2529 1047.38
98.2859 1057.43
98.3186 1067.28
98.3388 1075.55
98.3742 1086.33
98.4073 1096.78
98.436 1106.09
98.4672 1115.32
98.5066 1130.51
98.5372 1140.21
98.564 1151.83
98.5972 1165.66
98.6342 1180.67
98.6612 1197.43
98.6899 1215.84
98.723 1234.75
98.7583 1253.48
98.7893 1270.55
98.829 1289.66
98.8643 1305.69
98.893 1318.01
98.9078 1324.89
98.9438 1340.13
98.9725 1351.74
99.0012 1370.37
99.0299 1391.19
99.0576 1427.45
99.0818 1477.39
99.1052 1543.56
99.1276 1640.6
99.1486 1740.77
99.1784 1839.12
99.2066 1936.05
99.2334 2029.52
99.2589 2125.65
99.2833 2215.06
99.3145 2305.46
99.337 2390.19
99.3654 2469.6
99.3939 2546.26
99.421 2617.83
99.4468 2685.2
99.4721 2746.99
99.5192 2759.44
99.5546 2753.82
99.5855 2737.99
99.6164 2712.47
99.6517 2672.43
99.6826 2626.03
99.7135 2574.16
99.7195 2527.25
99.7467 2478.08
99.7754 2430.17
99.8063 2378.86
99.8416 2326.83
99.8769 2275.78
99.9167 2229.43
99.9608 2183.18
100.001 2137.41
100.045 2092.41
100.08 2049.09
100.107 2008.06
100.133 1967.71
100.16 1930.02
100.193 1894.8
100.228 1859.98
100.259 1826.22
100.29 1796.27
100.33 1768.88
100.374 1741.26
100.427 1713.62
100.475 1686.15
100.528 1658.96
100.572 1631.52
100.603 1606.49
100.634 1583.53
100.665 1564.16
100.701 1546.18
100.737 1531.18
100.749 1281.07
100.751 1273.4
100.753 1266.02
100.8 1258.67
100.835 1252.63
100.859 1247.8
100.872 1238.25
100.887 1232
100.91 1230.56
100.912 1228.6
100.946 1225.58
100.985 1223.04
101.038 1221.64
101.078 1219.97
101.092 1222.04
101.106 1219.52
101.138 1218.22
101.173 1217.82
101.201 1219.82
101.216 1222.75
101.23 1224.44
101.257 1223.73
101.286 1252.21
101.314 1287.47
101.341 1301.02
101.383 1317.99
101.414 1333.57
101.451 1347.47
101.487 1359.73
101.513 1369.32
101.542 1378.44
101.568 1384.45
101.597 1391.5
101.63 1397.23
101.665 1402.23
101.701 1405.99
101.732 1407.64
101.763 1407.12
101.798 1404.86
101.833 1401.82
101.864 1397.47
101.893 1393.8
101.905 1384.02
101.918 1172.96
101.934 1170.72
101.961 1167.3
101.976 1162.54
102 1158.93
102.014 1156.96
102.029 1155.44
102.04 1154.55
102.048 1153.11
102.067 1152.5
102.093 1152.6
102.138 1152.02
102.169 1150.84
102.206 1151.11
102.242 1150.03
102.272 1149.74
102.308 1150.52
102.346 1150.84
102.376 1151.14
102.398 1153.38
102.428 1177.06
102.463 1187.66
102.498 1193.81
102.529 1197.87
102.564 1203.99
102.578 1206.44
102.628 1216.65
102.655 1222.78
102.686 1228.27
102.712 1232.93
102.745 1236.79
102.778 1238.39
102.807 1242.39
102.842 1245.59
102.871 1249.35
102.902 1251.13
102.937 1250.23
102.97 1248.45
102.983 1246.55
102.997 1056.6
103.006 1054.2
103.039 1051.49
103.067 1050.92
103.114 1056.79
103.147 1060.39
103.169 1066.41
103.207 1070.47
103.247 1074.69
103.271 1078.41
103.304 1080.4
103.33 1080.41
103.359 1079.77
103.394 1076.66
103.434 1073.96
103.469 1070.78
103.477 1080.24
103.509 1089.74
103.538 1097.33
103.569 1100.35
103.611 1104.55
103.639 1107.28
103.668 1109.51
103.708 1112.02
103.743 1113.18
103.778 1113.06
103.812 1112.9
103.84 1111.99
103.867 1111.97
103.9 1113.07
103.937 1116.53
103.966 1120.2
103.997 1123.63
104.035 1127.08
104.066 1130.69
104.105 1133.95
104.134 1136.37
104.167 1139.17
104.205 1141.45
104.231 1142.3
104.262 1142.82
104.291 1142.67
104.322 1142.66
104.355 1145.48
104.392 1149.53
104.425 1155
104.461 1158.57
104.476 1161.86
104.52 1164.9
104.549 1167.57
104.593 1170.56
104.622 1171.54
104.655 1172.78
104.686 1173.66
104.721 1175.1
104.75 1175.58
104.776 1176.98
104.806 1179.33
104.836 1181.74
104.871 1181.94
104.898 1181.98
104.933 1182.77
104.966 1183.1
105.006 1185.61
105.037 1186.85
105.068 1190.07
105.097 1194.31
105.125 1199.7
105.154 1204.46
105.187 1208.44
105.216 1213.62
105.251 1215.96
105.28 1217.97
105.306 1218.97
105.342 1220.36
105.368 1221.61
105.399 1225.59
105.434 1228.56
105.479 1231.39
105.514 1232.69
105.54 1233.12
105.574 1233.66
105.602 1234.97
105.633 1233.14
105.669 1231.26
105.702 1229.5
105.741 1226.98
105.77 1225.86
105.798 1222.74
105.834 1219.46
105.867 1216.06
105.896 1212.28
105.931 1208.51
105.982 1205.46
106.013 1201.62
106.046 1199.41
106.079 1197.65
106.108 1194.65
106.143 1192.28
106.176 1190
106.209 1188.64
106.251 1186.56
106.28 1184.89
106.287 1181.96
106.302 1003.88
106.317 1003.67
106.344 1002.59
106.377 1002.22
106.404 1000.78
106.439 999.52
106.488 1000.14
106.514 999.838
106.543 1000.44
106.58 1002.12
106.607 1003.76
106.642 1006.36
106.677 1009.08
106.704 1012.22
106.744 1014.24
106.774 1026.94
106.816 1053.35
106.843 1072.62
106.876 1080.37
106.905 1087.71
106.934 1093.68
106.971 1103.58
107.007 1113.02
107.037 1124.46
107.068 1134.47
107.097 1145.4
107.126 1155.26
107.161 1164.72
107.19 1172.71
107.216 1179.81
107.243 1185.82
107.278 1191.22
107.307 1194.99
107.336 1198.67
107.369 1202.59
107.397 1202.94
107.419 1204.17
107.446 1206.41
107.475 1208.37
107.503 1208.97
107.539 1208.68
107.57 1207.97
107.596 1207.55
107.631 1206.37
107.66 1203.63
107.687 1201.78
107.713 1200.03
107.74 1197.65
107.775 1196.11
107.808 1194.75
107.837 1192.04
107.87 1189.37
107.901 1187.37
107.949 1186.3
107.978 1184.61
108.011 1181.34
108.047 1178.68
108.054 1177.07
108.061 1174.87
108.083 995.969
108.112 995.759
108.121 995.003
108.138 992.649
108.166 992.002
108.192 992.857
108.241 993.493
108.276 995.044
108.303 997.557
108.334 998.622
108.367 1000.31
108.401 1002.38
108.442 1005.2
108.47 1006.51
108.504 1008.25
108.53 1009.61
108.559 1020.62
108.594 1043.71
108.623 1057.27
108.669 1065.42
108.705 1070.71
108.735 1075.27
108.768 1078.99
108.799 1083.66
108.807 1085.16
108.837 1092.09
108.863 1098.89
108.894 1106.92
108.921 1114.76
108.95 1125.18
108.985 1134.81
109.014 1144.83
109.045 1153.78
109.073 1160.28
109.106 1165.5
109.139 1172.01
109.168 1177.15
109.21 1182.66
109.241 1186.65
109.274 1189.52
109.301 1191.96
109.338 1195.69
109.367 1197.11
109.402 1198.16
109.431 1199.17
109.471 1200.53
109.499 1200.07
109.535 1199.9
109.563 1198.31
109.599 1196.52
109.632 1196.31
109.661 1194.66
109.703 1193.97
109.731 1192.84
109.771 1191.77
109.797 1189.87
109.839 1188
109.87 1186.26
109.906 1184.78
109.934 1182.15
109.97 1184.42
109.999 1209.58
110.027 1260.24
110.041 1336.74
110.067 1428.74
110.103 1518.67
110.137 1602.99
110.17 1689.53
110.2 1773.27
110.23 1854.35
110.258 1931.63
110.284 2004.74
110.31 2074.75
110.335 2138.41
110.36 2206.56
110.367 2261.45
110.401 2317.25
110.435 2356.15
110.47 2383.16
110.501 2401.16
110.532 2402.4
110.563 2397.38
110.599 2380.4
110.629 2357.84
110.66 2329.63
110.696 2294.87
110.71 2266.31
110.738 2234.76
110.771 2202.93
110.804 2168.2
110.83 2135.98
110.857 2106.01
110.892 2072.92
110.941 2037.62
110.976 2000.85
111.02 1959.57
111.064 1918.41
111.095 1880.28
111.131 1844.67
111.159 1810.16
111.201 1777.16
111.228 1753.07
111.263 1729.28
111.29 1707.97
111.338 1690.38
111.378 1673.27
111.422 1659.26
111.471 1645.36
111.51 1627.47
111.548 1612.41
111.577 1596.78
111.608 1585.05
111.641 1571.11
111.667 1558.88
111.694 1547.37
111.725 1537.26
111.766 1525.77
111.793 1513.57
111.822 1501.09
111.848 1490.31
111.879 1479.48
111.906 1466.2
111.937 1453.29
111.963 1440.55
111.992 1427.04
112.018 1412.67
112.051 1398.74
112.085 1385.69
112.115 1375.97
112.144 1366.53
112.184 1359.5
112.215 1355.45
112.255 1353.72
112.281 1353.25
112.316 1351.39
112.361 1349.36
112.396 1345.92
112.422 1343.37
112.449 1341.78
112.486 1340.26
112.513 1337.98
112.546 1336.2
112.579 1334.46
112.61 1331.98
112.643 1329.63
112.678 1327.82
112.714 1326.46
112.745 1322.55
112.776 1318.18
112.789 1310.27
112.801 1109.56
112.837 1107.45
112.868 1105.61
112.906 1103.5
112.932 1101.54
112.956 1100.76
112.972 1100.87
113.003 1099.36
113.032 1099.93
113.063 1100.43
113.098 1101.5
113.129 1101.8
113.16 1103.33
113.195 1104.04
113.226 1105.93
113.259 1107.59
113.29 1131.25
113.334 1156.89
113.363 1169.36
113.398 1179.47
113.427 1191.83
113.456 1202.72
113.485 1214.38
113.513 1225.03
113.541 1236.66
113.573 1248.63
113.606 1259.69
113.637 1268.45
113.663 1276.06
113.699 1282.88
113.73 1290.24
113.758 1296.76
113.789 1302.11
113.816 1307.97
113.842 1314.27
113.871 1322.33
113.902 1329.73
113.933 1335.86
113.959 1341.79
113.99 1346.65
114.03 1357.04
114.043 1361.25
114.068 1368.65
114.092 1375.33
114.131 1381.81
114.169 1385.76
114.2 1388.13
114.235 1388.11
114.268 1389.06
114.306 1391.19
114.334 1391.84
114.37 1392.94
114.405 1392.28
114.432 1389.61
114.463 1385.59
114.509 1382.46
114.535 1378.52
114.575 1374.5
114.615 1371.12
114.655 1365.74
114.694 1361.19
114.721 1354.69
114.75 1348.41
114.781 1343.89
114.807 1338.81
114.836 1333.75
114.871 1331.13
114.902 1327.24
114.933 1323.9
114.964 1321.05
114.99 1320.34
115.019 1318.27
115.045 1317.72
115.072 1318.82
115.098 1317.74
115.127 1316.61
115.154 1317.17
115.189 1317.81
115.22 1317.57
115.249 1318.14
115.262 1317.49
115.282 1317.49
115.335 1321.47
115.361 1323.95
115.39 1324.57
115.425 1325.18
115.456 1324.13
115.491 1324.06
115.518 1321.61
115.547 1319.51
115.573 1317.63
115.602 1314.45
115.628 1313.26
115.655 1312.16
115.69 1309.68
115.721 1309.77
115.748 1312.09
115.781 1311.88
115.825 1314.74
115.851 1319.61
115.891 1323.91
115.926 1329.2
115.975 1332.31
116.002 1334.25
116.03 1338.42
116.066 1341.32
116.096 1343.08
116.134 1346.24
116.174 1347.48
116.205 1350.22
116.231 1350.18
116.26 1349.39
116.286 1350.36
116.313 1348.81
116.342 1345.9
116.372 1341.91
116.403 1339.3
116.437 1336.94
116.476 1335.14
116.503 1332.73
116.534 1330.74
116.565 1329.1
116.595 1326.22
116.631 1324.68
116.671 1326.68
116.697 1326.73
116.728 1329.5
116.754 1331
116.781 1331.84
116.807 1335.04
116.843 1336.7
116.878 1338.36
116.909 1340.7
116.94 1342.83
116.953 1344.6
116.969 1347.23
117.004 1350.86
117.035 1353.32
117.07 1354.32
117.101 1355.31
117.136 1356.56
117.163 1355.9
117.194 1355.83
117.229 1356.31
117.258 1355.96
117.306 1357.19
117.337 1356.06
117.364 1355.17
117.399 1355.36
117.43 1355.66
117.443 1353.35
117.472 1355.96
117.507 1356.58
117.538 1357.89
117.569 1361.12
117.6 1364.39
117.631 1370.97
117.662 1377.33
117.693 1385.05
117.724 1393.86
117.757 1402.48
117.79 1411.31
117.817 1417.2
117.843 1423.71
117.881 1431.43
117.916 1438.62
117.942 1442.93
117.971 1446.26
118 1452.05
118.026 1454.52
118.055 1457.03
118.093 1459.32
118.128 1461.74
118.159 1462.35
118.198 1462.38
118.232 1462.38
118.258 1462
118.3 1466.42
118.34 1471.11
118.366 1472.87
118.393 1475.53
118.424 1480.41
118.45 1484.58
118.477 1489.85
118.503 1494.38
118.53 1500.2
118.551 1507.57
118.592 1517.24
118.622 1523.72
118.66 1532.3
118.704 1542.61
118.733 1551.68
118.766 1560
118.799 1570.18
118.826 1579.13
118.852 1586.12
118.881 1591.73
118.909 1597.75
118.94 1604.07
118.967 1610.36
118.996 1618.98
119.035 1629.29
119.062 1636.44
119.097 1648.12
119.13 1656.05
119.157 1663.17
119.183 1669.65
119.211 1677.85
119.222 1425.74
119.225 1426.87
119.252 1426.18
119.275 1424.79
119.284 1424.37
119.295 1422.98
119.297 1422
119.317 1423.92
119.329 1424.79
119.33 1426.81
119.333 1427.76
119.369 1427.77
119.395 1430.97
119.439 1434.69
119.476 1439.62
119.499 1443.68
119.526 1449.21
119.553 1453.91
119.581 1456.31
119.607 1458.63
119.634 1458.96
119.66 1459.26
119.704 1481.23
119.744 1517.14
119.778 1522.62
119.813 1530.11
119.861 1544.23
119.899 1553.11
119.925 1561.21
119.952 1569.17
119.978 1575.01
120.007 1580.09
120.036 1585.19
120.061 1584.88
120.097 1588.13
120.124 1587.77
120.153 1588.36
120.179 1588.31
120.206 1590.45
120.232 1594.46
120.259 1597.73
120.296 1602.19
120.331 1604.51
120.36 1608.8
120.398 1615.91
120.433 1619.41
120.466 1621.69
120.494 1625.21
120.521 1625.82
120.554 1625.1
120.586 1626.28
120.607 1627.44
120.634 1628.23
120.66 1627.86
120.682 1632.07
120.692 1390.51
120.693 1391.7
120.724 1393.78
120.751 1397.69
120.78 1402.83
120.806 1410.64
120.833 1420.75
120.864 1431.51
120.885 1458.28
120.909 1501.28
120.932 1554.93
120.965 1624.27
120.986 1718.1
121.016 1826.91
121.045 1934.25
121.062 2037.38
121.097 2137.66
121.129 2234.26
121.152 2325.82
121.182 2412.32
121.218 2493.47
121.245 2569.09
121.279 2696.28
121.305 2767.05
121.33 2817.88
121.361 2854.45
121.391 2875.47
121.422 2881.89
121.449 2879.57
121.484 2865.66
121.511 2837.76
121.537 2805.47
121.568 2770.16
121.599 2730.89
121.626 2683.9
121.656 2638.75
121.683 2589.51
121.723 2550.14
121.758 2506.93
121.789 2460.6
121.815 2425.03
121.844 2386.52
121.875 2344.69
121.902 2309.45
121.937 2272.67
121.972 2238.03
122.007 2201.57
122.043 2169.38
122.069 2136.42
122.105 2107.62
122.131 2079.44
122.16 2052.61
122.195 2024.12
122.226 1999.63
122.255 1976.16
122.295 1952.06
122.303 1931.12
122.33 1912.34
122.365 1891.27
122.409 1871.13
122.454 1846.22
122.489 1820.35
122.515 1793.7
122.542 1766.69
122.584 1739.96
122.615 1718.22
122.643 1696.39
122.67 1675.8
122.696 1653.8
122.723 1640.41
122.733 1628.59
122.758 1620.71
122.785 1612.94
122.818 1608.28
122.849 1604.42
122.888 1601.2
122.933 1598.53
122.972 1594.06
123.003 1589.84
123.03 1585.99
123.067 1583.29
123.103 1579.09
123.134 1576.4
123.16 1572.21
123.191 1565.82
123.22 1561.05
123.259 1556.22
123.286 1551.89
123.319 1546.43
123.354 1540.68
123.394 1534.9
123.417 1298.92
123.427 1296.16
123.429 1293.01
123.46 1291.09
123.486 1289.41
123.5 1287.2
123.513 1286.01
123.515 1284.24
123.546 1283.33
123.575 1281.12
123.611 1279.2
123.641 1279.75
123.668 1278.75
123.7 1279.36
123.714 1278.99
123.727 1278.12
123.752 1276.61
123.778 1276.03
123.807 1275.52
123.84 1275.07
123.878 1275.41
123.904 1287.02
123.935 1309.36
123.966 1334.38
123.992 1340.86
124.019 1346.26
124.045 1353.31
124.076 1360.18
124.112 1368.25
124.14 1374.94
124.167 1381.8
124.184 1387.74
124.211 1392.8
124.244 1402.71
124.284 1411.38
124.317 1416.74
124.35 1422.88
124.381 1428.44
124.408 1433.09
124.434 1439.2
124.469 1446.9
124.507 1457.03
124.544 1471.23
124.575 1488.19
124.602 1503.06
124.637 1518.97
124.668 1532.19
124.697 1544.82
124.723 1556.49
124.754 1565.64
124.787 1573.21
124.814 1578.05
124.843 1582.8
124.869 1586.92
124.9 1589.11
124.926 1590.91
124.953 1592.35
124.988 1595.43
125.015 1594.05
125.048 1593.46
125.074 1592.62
125.101 1588.91
125.127 1586.81
125.161 1585.55
125.189 1584.41
125.216 1581.43
125.251 1579.46
125.284 1575.86
125.311 1574.43
125.344 1570.76
125.377 1565.8
125.403 1561.3
125.434 1555.81
125.461 1551.81
125.487 1549.39
125.529 1548.7
125.556 1545.94
125.584 1541.85
125.611 1538.27
125.642 1534.45
125.668 1529.2
125.68 1525.13
125.699 1522.11
125.726 1517.7
125.759 1515.75
125.77 1512.85
125.805 1511.66
125.841 1516.73
125.869 1519.39
125.896 1521.72
125.927 1523.84
125.953 1526.54
125.98 1529
126.022 1530.37
126.053 1530.61
126.081 1532.53
126.121 1532.48
126.147 1534.16
126.178 1533.87
126.209 1535.39
126.236 1538.65
126.262 1541.83
126.293 1544.49
126.327 1551.05
126.36 1557.74
126.384 1563.65
126.41 1570.73
126.441 1579.93
126.468 1587.93
126.494 1596.08
126.521 1603.17
126.547 1608.65
126.585 1612.38
126.616 1613.67
126.646 1614.8
126.682 1615.81
126.711 1615.69
126.737 1613.59
126.768 1611.77
126.794 1609.38
126.83 1605.46
126.856 1599.78
126.889 1593.9
126.929 1586.91
126.96 1580.83
126.987 1576.57
127.013 1571.85
127.04 1567.76
127.066 1565.16
127.093 1563.11
127.104 1560.98
127.123 1559.51
127.157 1558.34
127.187 1556.45
127.214 1554.81
127.245 1552.62
127.274 1552.58
127.304 1550.85
127.34 1549.52
127.366 1548.33
127.399 1547.34
127.426 1545.67
127.457 1546.27
127.483 1547.76
127.519 1549.43
127.55 1549.13
127.576 1548.9
127.603 1548.83
127.633 1548.16
127.664 1547.78
127.695 1548.57
127.724 1549.35
127.755 1550.33
127.784 1551.31
127.815 1552.6
127.841 1553.64
127.876 1554.32
127.903 1555.66
127.936 1557.44
127.967 1559.21
127.993 1562.57
128.024 1566.1
128.055 1570.42
128.091 1576.71
128.117 1587.65
128.15 1598.09
128.177 1611.05
128.216 1623.93
128.243 1633.86
128.269 1643.9
128.307 1653.16
128.347 1659.12
128.373 1663.62
128.4 1667.96
128.442 1671.83
128.468 1672.17
128.503 1675.95
128.524 1678.46
128.545 1681.45
128.572 1682.36
128.601 1683.91
128.621 1681.76
128.64 1681.93
128.667 1680.41
128.693 1677.77
128.72 1676.04
128.751 1673.79
128.777 1674.78
128.804 1673.71
128.83 1672.9
128.859 1673.1
128.885 1674.31
128.912 1674.86
128.938 1674.18
128.965 1675.19
129.007 1678.18
129.042 1680.06
129.075 1683.25
129.104 1685.69
129.144 1691.9
129.177 1694.54
129.203 1699.71
129.234 1706.03
129.265 1712.32
129.292 1718.6
129.331 1725.98
129.362 1730.79
129.389 1736.88
129.415 1741.42
129.442 1747.62
129.471 1752.67
129.512 1761.32
129.548 1768.05
129.574 1771.9
129.593 1508.42
129.596 1508.89
129.632 1508.75
129.663 1511.75
129.689 1514.39
129.716 1515.29
129.753 1516.09
129.78 1517.27
129.814 1518.69
129.844 1521.69
129.87 1524.77
129.904 1529.24
129.928 1536.26
129.956 1542.43
129.994 1546.93
130.029 1549.55
130.059 1562.67
130.087 1575.62
130.115 1621.81
130.147 1630.92
130.17 1637.96
130.199 1647.02
130.228 1656.38
130.259 1666.98
130.294 1676.07
130.325 1687.39
130.358 1696.58
130.385 1706.81
130.418 1715.53
130.446 1723.94
130.482 1733.07
130.508 1739.23
130.537 1746.23
130.566 1750.9
130.592 1755.85
130.628 1761.58
130.654 1764.1
130.683 1764.96
130.709 1763.68
130.747 1765.29
130.776 1765.89
130.811 1768.14
130.837 1768.13
130.877 1771.74
130.91 1772.38
130.939 1771.64
130.974 1773.56
131.001 1771.59
131.029 1771.8
131.06 1772.57
131.087 1771.94
131.118 1772.56
131.151 1773.01
131.18 1771.83
131.206 1772.3
131.244 1774.35
131.27 1770.68
131.29 1772.11
131.31 1769.8
131.339 1769.53
131.376 1773.17
131.406 1774
131.433 1774.53
131.462 1774.96
131.489 1775.38
131.528 1781.34
131.557 1787.07
131.584 1794.43
131.612 1811.37
131.641 1840.7
131.66 1887.85
131.687 1956.98
131.705 2043.61
131.73 2149.1
131.746 2283.81
131.777 2416.66
131.812 2549.53
131.846 2678.37
131.872 2802.29
131.896 2920.53
131.926 3032.48
131.955 3140.92
131.976 3238.95
132.009 3343.36
132.035 3423.1
132.066 3485.15
132.092 3528.04
132.119 3552.18
132.145 3559.09
132.172 3550.53
132.198 3526.73
132.203 3498.77
132.229 3467.92
132.256 3422.97
132.282 3371.8
132.313 3310.76
132.34 3242.71
132.366 3170.47
132.395 3099.4
132.426 3032.66
132.457 2961.17
132.483 2897.07
132.514 2833.34
132.541 2771.96
132.569 2715.11
132.6 2656.37
132.631 2598.39
132.662 2550.2
132.693 2503.42
132.728 2463.12
132.755 2425.71
132.786 2394.42
132.812 2365.05
132.85 2348.19
132.876 2327.38
132.903 2310.3
132.936 2289.42
132.962 2271.95
133.002 2252.05
133.033 2234.25
133.07 2217.84
133.104 2201.09
133.139 2185.59
133.147 2169.16
133.168 2154.92
133.199 2138.92
133.232 2123.72
133.258 2107.65
133.289 2089.8
133.32 2072.96
133.351 2057.64
133.377 2046.01
133.41 2032.41
133.444 2017.18
133.47 2004.76
133.499 1995.67
133.527 1984.28
133.556 1974.05
133.596 1964.28
133.631 1954.96
133.662 1943.81
133.689 1934.4
133.72 1926.47
133.746 1919.8
133.773 1913.09
133.803 1906.59
133.839 1901.12
133.868 1895.97
133.894 1892.17
133.921 1891.04
133.949 1887.2
133.98 1887.04
134.004 1888.14
134.031 1890.34
134.057 1889.33
134.093 1892.24
134.126 1893.94
134.159 1897.62
134.185 1898.78
134.214 1901.1
134.245 1904.8
134.278 1908.59
134.307 1913.43
134.34 1916.72
134.371 1921.06
134.404 1921.66
134.435 1924.57
134.443 1924.5
134.473 1925.86
134.501 1926.14
134.528 1925.39
134.554 1927.55
134.583 1929.87
134.618 1933.22
134.647 1937.21
134.673 1940.87
134.7 1945.38
134.731 1950.92
134.76 1954.42
134.793 1957.75
134.828 1959.68
134.859 1961.51
134.892 1962.4
134.925 1962.21
134.958 1959.52
134.985 1957.07
135.011 1953.92
135.04 1952.79
135.066 1950.51
135.095 1946.5
135.124 1943.67
135.153 1941.11
135.181 1937.92
135.21 1935.28
135.236 1934.5
135.265 1934.86
135.298 1933.09
135.331 1933.93
135.362 1933.71
135.398 1933.95
135.426 1932.99
135.453 1930.97
135.462 1930.99
135.471 1641.71
135.474 1642.27
135.501 1641.82
135.528 1643.32
135.554 1642.74
135.585 1641.29
135.612 1642.87
135.638 1642.34
135.671 1642.86
135.698 1642.34
135.727 1640.94
135.753 1639.72
135.782 1639.59
135.815 1640.42
135.846 1641.13
135.875 1643.65
135.906 1644.91
135.932 1646.01
135.953 1658.32
135.983 1707.85
136.02 1728.42
136.053 1742.71
136.082 1753.96
136.111 1765.55
136.14 1777.68
136.166 1790.25
136.195 1803.02
136.219 1814.87
136.254 1827.67
136.281 1838.11
136.316 1856.3
136.344 1870.84
136.371 1885.74
136.398 1897.92
136.429 1911.8
136.455 1926.1
136.482 1939.3
136.508 1948.16
136.539 1958.58
136.57 1968.76
136.601 1979.47
136.636 1986.71
136.669 1993.25
136.696 1998.34
136.722 2003.06
136.756 2007.93
136.782 2011.6
136.811 2013.44
136.819 2012.69
136.851 2015.78
136.877 2016.66
136.91 2014.8
136.943 2013.56
136.97 2009.6
136.998 2006.65
137.032 2006.11
137.06 2004.33
137.093 2004.64
137.12 1999.55
137.155 1997.31
137.184 1993.93
137.21 1992.12
137.237 1988.54
137.268 1985.69
137.301 1981.27
137.341 1980.45
137.369 1976.79
137.403 1972.94
137.431 1969.65
137.46 1965.74
137.489 1960.17
137.52 1957.91
137.557 1956.27
137.592 1954.93
137.619 1953.45
137.652 1953.72
137.681 1953.62
137.707 1953.81
137.736 1953.11
137.762 1952.42
137.796 1953.26
137.831 1957.58
137.86 1960.1
137.891 1962.46
137.919 1965.67
137.948 1967.43
137.979 1969.05
138.012 1969.44
138.047 1971.01
138.08 1977.02
138.107 1982.24
138.138 1985.74
138.167 1992.33
138.197 1995.8
138.226 2002.4
138.253 2008.21
138.279 2016.93
138.296 2023.25
138.317 2027.76
138.345 2030.54
138.372 2029.24
138.403 2029.36
138.429 2026.97
138.462 2024.93
138.493 2024.33
138.531 2023.83
138.566 2019.69
138.595 2017.26
138.626 2012.71
138.659 2006.33
138.692 1999.54
138.725 1994.8
138.754 1989.47
138.783 1983.6
138.809 1976.3
138.847 1973.23
138.873 1968.26
138.904 1966.22
138.93 1961.03
138.966 1956.51
138.997 1952.6
139.034 1950.34
139.07 1946.15
139.098 1943.63
139.115 1942.69
139.142 1940.9
139.176 1939.39
139.202 1936.76
139.231 1935.64
139.259 1935.82
139.286 1936.03
139.315 1934.09
139.352 1933.61
139.381 1934.33
139.412 1935.03
139.438 1934.58
139.469 1934.31
139.5 1935.29
139.531 1938.45
139.566 1942.52
139.595 1946.8
139.622 1950.99
139.648 1955.9
139.679 1959.23
139.708 1961.12
139.736 1962.85
139.765 1965.66
139.792 1968.2
139.82 1970.71
139.847 1974.14
139.878 1979.63
139.904 1984.47
139.931 1986.66
139.962 1990.07
139.988 1995.43
140.017 2001.53
140.046 2007.12
140.074 2012.19
140.103 2020.39
140.129 2025.33
140.158 2030.01
140.189 2033.24
140.22 2037.56
140.246 2040.16
140.277 2041.73
140.31 2043.63
140.344 2045.65
140.374 2046.36
140.403 2044.82
140.456 2045.12
140.483 2043.1
140.511 2041.87
140.542 2040.05
140.568 2036.64
140.589 2034.94
140.617 2032.58
140.657 2031.89
140.69 2033.59
140.719 2033.89
140.748 2032.33
140.779 2032.74
140.814 2035.34
140.845 2037.77
140.871 2038.68
140.907 2039.87
140.935 2042.44
140.962 2044.87
140.988 2044.74
141.017 2045.41
141.046 2046.74
141.077 2049.05
141.105 2051.57
141.134 2051.57
141.163 2055.9
141.196 2062.01
141.225 2065.28
141.255 2068.02
141.286 2071.01
141.32 2077.29
141.348 2084.13
141.365 2086.65
141.39 2093.83
141.417 2100.55
141.443 2107.03
141.474 2115.22
141.501 2123.92
141.527 2131.15
141.556 2138.7
141.587 2146.83
141.615 2153.06
141.646 2160.11
141.675 2166.63
141.708 2176.72
141.735 2184.04
141.761 2192.65
141.792 2204.93
141.823 2218.16
141.849 2227.39
141.878 2235.04
141.909 2249.21
141.936 2259.47
141.964 2268.7
141.995 2280.97
142.022 2288
142.05 2296.13
142.086 2304.94
142.112 2307.87
142.139 2310.23
142.178 2320.05
142.212 2328.23
142.238 2331.34
142.262 2334.83
142.271 2330.24
142.279 1977.79
142.279 1974.11
142.309 1972.04
142.326 1970.29
142.334 1968.28
142.343 1966.39
142.371 1965.85
142.397 1971.47
142.424 1978.65
142.45 1988.91
142.479 2003.87
142.505 2035.69
142.53 2075.31
142.547 2132.99
142.571 2205.24
142.595 2280.28
142.617 2380.39
142.639 2497.58
142.659 2622.1
142.686 2772.65
142.711 2919.67
142.74 3061.73
142.769 3200.22
142.796 3329.56
142.827 3451.62
142.852 3566
142.88 3672.49
142.909 3834.6
142.936 3969.21
142.959 4079.4
142.986 4104.47
143.019 4111.03
143.045 4096.63
143.049 4074.88
143.074 4122.02
143.1 4083.52
143.129 4031.23
143.156 3973.37
143.182 3904.03
143.209 3829.59
143.235 3754.29
143.262 3670.89
143.288 3591.96
143.317 3520.81
143.343 3458.95
143.37 3401.51
143.398 3351.18
143.432 3292.4
143.462 3232.31
143.496 3177.71
143.533 3120.6
143.568 3065.8
143.602 3010.68
143.628 2956.79
143.655 2901.23
143.681 2846.8
143.708 2793.23
143.734 2748.47
143.761 2700.38
143.791 2655.49
143.825 2622.32
143.851 2595.46
143.878 2567.07
143.909 2546.54
143.942 2524.26
143.975 2508.82
144.006 2497.39
144.045 2486.29
144.074 2477.82
144.101 2468.07
144.127 2459.45
144.162 2451.49
144.189 2439.84
144.224 2430.74
144.251 2422.57
144.282 2414.57
144.308 2404.86
144.335 2395.12
144.356 2386.36
144.381 2376.66
144.41 2368.65
144.436 2357.35
144.467 2349.11
144.494 2341.9
144.525 2333.76
144.553 2327.94
144.58 2322.88
144.608 2318.66
144.635 2313.7
144.672 2313.37
144.699 2309.33
144.732 2310.84
144.759 2311.31
144.785 2312.13
144.816 2310.07
144.842 2308.26
144.857 2305.7
144.865 1961.24
144.868 1962.65
144.895 1965.03
144.922 1963.39
144.951 1964.2
144.979 1966.43
145.006 1966.87
145.035 1970.64
145.061 1973.95
145.088 1976.85
145.116 1979.84
145.143 1984.32
145.169 1985.68
145.196 1985.74
145.231 1986.93
145.258 1989.39
145.284 1989.42
145.315 1989
145.344 1999.29
145.352 1997.79
145.39 2045.69
145.417 2070.62
145.445 2083.72
145.472 2091.85
145.5 2098
145.534 2108.91
145.56 2118.88
145.587 2132.02
145.613 2144.27
145.64 2158.26
145.673 2181.94
145.699 2202.18
145.728 2224.09
145.754 2246.28
145.781 2269.25
145.81 2290.34
145.836 2312.07
145.865 2328.07
145.898 2343.58
145.927 2360.62
145.953 2370.58
145.98 2378.76
146.008 2385.5
146.039 2390.72
146.068 2392.4
146.094 2392.49
146.128 2394.18
146.158 2395.65
146.187 2394.24
146.214 2392.26
146.24 2390.98
146.267 2387.3
146.3 2385.49
146.326 2380.49
146.334 2374.86
146.357 2395.18
146.388 2392.34
146.415 2386.78
146.441 2381.81
146.468 2376.21
146.498 2371.95
146.525 2366.71
146.551 2359.26
146.578 2352.95
146.611 2348.25
146.638 2343.49
146.664 2339.55
146.693 2336.17
146.719 2332.2
146.746 2328.97
146.772 2325.67
146.801 2323.08
146.827 2321.29
146.861 2317.13
146.894 2315.01
146.92 2311.63
146.947 2310.16
146.973 2309.02
147.004 2307.05
147.031 2303.92
147.059 2304.59
147.086 2302.48
147.112 2300.3
147.145 2301.83
147.172 2301.28
147.198 2300.89
147.225 2298
147.251 2298.18
147.278 2299.73
147.307 2297.28
147.335 2296.98
147.35 2295.92
147.377 2301.77
147.404 2303.66
147.435 2305.9
147.466 2309.95
147.501 2318.97
147.532 2328.04
147.558 2338.3
147.585 2343.83
147.611 2351.77
147.64 2362.44
147.667 2373
147.693 2383.85
147.722 2392.37
147.75 2402.02
147.784 2407.83
147.814 2413.11
147.843 2413.87
147.872 2417.57
147.898 2419.32
147.925 2420.25
147.954 2418.2
147.991 2418.38
148.022 2416.29
148.049 2418.18
148.079 2419.98
148.11 2421.52
148.139 2418.74
148.166 2416.48
148.194 2415.88
148.225 2415.71
148.254 2415.51
148.268 2412.54
148.294 2412.1
148.327 2409.06
148.355 2406.56
148.389 2403.14
148.417 2400.64
148.444 2396.91
148.472 2393.26
148.499 2388.87
148.528 2383.32
148.554 2381.94
148.585 2380.91
148.616 2378.28
148.645 2374.8
148.671 2373.3
148.7 2371.94
148.729 2371.1
148.759 2371.08
148.786 2370.17
148.815 2368.96
148.841 2369.8
148.872 2370.48
148.899 2367.83
148.925 2365.89
148.952 2367.64
148.98 2367.23
149.007 2367.24
149.021 2367.75
149.028 2011.09
149.06 2011.86
149.091 2013.69
149.122 2013.81
149.148 2013.94
149.177 2014.05
149.203 2019.22
149.23 2026.1
149.256 2032.15
149.289 2039
149.316 2047.41
149.345 2056.01
149.373 2065.19
149.404 2073.28
149.433 2079.56
149.464 2083.75
149.49 2085.93
149.499 2087.92
149.519 2129.85
149.548 2171.99
149.574 2183.68
149.607 2195.83
149.634 2206.89
149.66 2217.39
149.687 2227.38
149.713 2235.45
149.74 2241.65
149.766 2247.99
149.793 2255.59
149.824 2265.2
149.852 2275.03
149.879 2286.63
149.905 2299.91
149.936 2312.25
149.965 2322.81
149.994 2335.43
150.02 2344.87
150.051 2350.43
150.082 2354.81
150.109 2357.7
150.142 2361.36
150.168 2363.87
150.197 2368.52
150.211 2367.44
150.234 2369.84
150.261 2372.26
150.287 2374.19
150.318 2377.14
150.347 2380.53
150.374 2380.03
150.4 2381.45
150.427 2381.36
150.453 2380.2
150.48 2378.11
150.513 2377.58
150.544 2377.28
150.572 2377.02
150.601 2377.27
150.627 2377.02
150.654 2377.58
150.68 2375.12
150.707 2375.66
150.736 2375.23
150.762 2375.05
150.795 2375.77
150.822 2376.05
150.853 2378.31
150.879 2380.2
150.906 2382.55
150.943 2386.11
150.972 2388.77
150.998 2391.24
151.025 2396.35
151.054 2402.59
151.085 2409.88
151.113 2418.32
151.14 2425.77
151.173 2434.81
151.204 2441.37
151.235 2447.65
151.274 2453.88
151.301 2458.77
151.33 2463.33
151.358 2464.45
151.389 2466.09
151.416 2466.58
151.447 2464.36
151.454 2459.75
151.475 2463.11
151.502 2460.33
151.531 2458.01
151.564 2454.68
151.59 2451.31
151.617 2445.53
151.645 2441.56
151.672 2438.03
151.703 2435.02
151.734 2431.84
151.776 2431.62
151.809 2428.36
151.837 2427.11
151.868 2427.59
151.897 2425.57
151.926 2423.55
151.952 2423.56
151.979 2423.73
152.005 2425.45
152.032 2423.19
152.058 2423.21
152.091 2421.59
152.106 2422.42
152.127 2420.58
152.153 2423.84
152.18 2425.15
152.208 2427.86
152.235 2427.32
152.266 2425.99
152.292 2424.88
152.323 2422.67
152.35 2422.3
152.376 2423.32
152.403 2424.12
152.431 2425.43
152.458 2424.36
152.484 2422.39
152.513 2423.2
152.54 2423.66
152.566 2421.2
152.595 2422.21
152.621 2422.21
152.648 2424.48
152.681 2427.83
152.71 2433.53
152.743 2438.75
152.774 2443.44
152.8 2450.77
152.833 2457.72
152.86 2460.4
152.886 2465.74
152.913 2472.77
152.939 2478.93
152.972 2489.88
152.999 2496.11
153.028 2501.18
153.054 2510.2
153.087 2515.16
153.118 2519.82
153.145 2523.52
153.171 2524.57
153.198 2525.83
153.223 2532.78
153.251 2545.55
153.264 2558.69
153.291 2578.28
153.311 2607.98
153.338 2652.22
153.357 2711.35
153.376 2786.64
153.401 2871.79
153.425 2976.78
153.442 3099.43
153.471 3230.39
153.497 3369.75
153.517 3517.36
153.547 3658.08
153.57 3800.7
153.594 3950.37
153.602 4102.83
153.623 4261.04
153.652 4405.29
153.675 4539.76
153.706 4650.48
153.732 4751.81
153.756 4829.98
153.787 4870.74
153.814 4893.2
153.845 4881.18
153.871 4853.27
153.898 4799.94
153.926 4725.46
153.953 4642.86
153.979 4549.56
154.008 4443.18
154.034 4331.75
154.061 4217.68
154.094 4097
154.121 3985.55
154.147 3876.26
154.176 3772.29
154.209 3679.85
154.246 3594.05
154.284 3510.41
154.322 3425.09
154.352 3349.1
154.379 3284.39
154.405 3223.66
154.432 3161.36
154.458 3107.5
154.492 3058.44
154.52 3011.1
154.543 2971.13
154.573 2931.92
154.6 2898.47
154.628 2872.02
154.655 2842.1
154.681 2815.72
154.723 2789.99
154.765 2764.88
154.796 2740.45
154.823 2723.28
154.849 2704.69
154.876 2692.81
154.902 2678.7
154.929 2666.64
154.955 2652.62
154.982 2638.18
155.008 2625.23
155.037 2610.42
155.066 2600.95
155.092 2588.86
155.121 2580.08
155.152 2573.98
155.164 2571.45
155.191 2566.07
155.225 2563.72
155.264 2563.48
155.297 2565.31
155.324 2562.02
155.35 2559.53
155.379 2556.07
155.406 2551.78
155.434 2549.8
155.465 2546.86
155.471 2544.69
155.479 2541.33
155.486 2156.37
155.493 2154.39
155.495 2151.44
155.5 2150.07
155.502 2147.65
155.532 2145.55
155.548 2145.46
155.556 2143.12
155.582 2144.06
155.609 2146.09
155.635 2147.87
155.662 2148.34
155.688 2149.96
155.728 2151.45
155.766 2152.75
155.792 2153.83
155.819 2154.71
155.847 2154.32
155.874 2155.15
155.9 2154.64
155.927 2155.44
155.955 2154.42
155.982 2187.13
156.008 2228.64
156.037 2238.52
156.064 2251.01
156.09 2262.78
156.123 2273.18
156.154 2283.57
156.187 2294.05
156.223 2308.17
156.258 2320.62
156.287 2333.37
156.313 2345.98
156.342 2361.86
156.368 2377.51
156.395 2390.58
156.402 2398.97
156.426 2450.88
156.452 2465.03
156.48 2476.41
156.507 2487.65
156.534 2493.98
156.56 2501.69
156.589 2508.46
156.616 2513.06
156.644 2518.31
156.671 2521.03
156.708 2525.98
156.741 2529.63
156.77 2529.48
156.803 2528.96
156.832 2530.33
156.861 2529.75
156.887 2529.71
156.916 2531.29
156.942 2531.15
156.971 2529.59
157.002 2527.85
157.031 2526.35
157.038 2524.66
157.059 2540.39
157.088 2536.62
157.117 2535.05
157.143 2535.27
157.17 2534.12
157.205 2537.1
157.236 2538.01
157.263 2537.16
157.289 2539.43
157.32 2540.38
157.346 2539.58
157.375 2537.76
157.406 2534.91
157.435 2531.06
157.448 2526.54
157.455 2523.66
157.462 2141.73
157.463 2138.9
157.49 2135.09
157.521 2134.32
157.537 2132.68
157.544 2130.37
157.553 2128.97
157.578 2128.96
157.602 2127.62
157.61 2124.89
157.64 2122.97
157.669 2123.81
157.709 2125.76
157.735 2126.25
157.768 2124.25
157.795 2122.5
157.826 2120.96
157.857 2123.06
157.883 2121.56
157.91 2120.16
157.943 2119.06
157.975 2163.98
158.007 2174.86
158.035 2184.99
158.066 2195.31
158.093 2205.83
158.126 2220.91
158.159 2234.33
158.19 2249.24
158.216 2260.95
158.243 2275.68
158.269 2290.59
158.277 2301.97
158.303 2319.3
158.331 2335.16
158.358 2349.31
158.384 2358.42
158.411 2368.22
158.437 2378.09
158.473 2385.66
158.499 2390.63
158.53 2390.56
158.556 2392.74
158.583 2394.04
158.609 2392.63
158.643 2390.87
158.669 2388.88
158.704 2385.31
158.735 2379.21
158.766 2373.15
158.802 2366.52
158.83 2358.96
158.857 2352.37
158.883 2351.47
158.919 2351.49
158.945 2348.18
158.96 2346.21
158.989 2344.98
159.018 2343.6
159.044 2342.44
159.073 2340.36
159.104 2341.84
159.133 2341.86
159.164 2342.06
159.19 2344.54
159.219 2346.98
159.245 2349.08
159.276 2349.45
159.303 2352.43
159.336 2354.47
159.371 2353.64
159.398 2353.63
159.424 2353.69
159.455 2351.2
159.482 2346.7
159.507 2342.8
159.515 2337.52
159.522 1979.04
159.554 1974.19
159.563 1967.52
159.572 1966.02
159.59 1968.05
159.598 1968.21
159.63 1968.13
159.656 1967.68
159.685 1967.28
159.716 1967.3
159.742 1964.69
159.769 1965.78
159.8 1967.1
159.842 1966.36
159.877 1967.99
159.903 1967.91
159.93 1965.57
159.961 1963.54
159.987 1961.79
159.995 1957.82
160.005 1957.59
160.031 1990.34
160.04 1698.04
160.069 1700.37
160.099 1708.43
160.126 1716.52
160.159 1726.67
160.19 1736.67
160.219 1747.63
160.25 1758.38
160.279 1766.77
160.312 1773.13
160.343 1780.89
160.374 1787.78
160.405 1798.21
160.431 1803.04
160.458 1808.37
160.486 1823.88
160.515 1860.09
160.539 1871.23
160.57 1882.82
160.597 1890.96
160.623 1899.76
160.65 1909.02
160.678 1915.34
160.707 1920.81
160.738 1926.63
160.771 1932.44
160.8 1938.63
160.828 1944.23
160.859 1953.83
160.886 1964.56
160.912 1975.53
160.943 1984.61
160.97 1994.08
160.996 2005.24
161.023 2015.32
161.046 2025.45
161.082 2035.8
161.109 2045.73
161.135 2051.9
161.173 2062.66
161.202 2071.56
161.23 2079.66
161.259 2085.5
161.294 2091.27
161.325 2094.82
161.354 2095.06
161.385 2095.58
161.416 2093.38
161.447 2088.75
161.473 2085.85
161.509 2085.73
161.542 2085.63
161.568 2081.33
161.601 2077.92
161.63 2073
161.659 2066.03
161.692 2057.59
161.725 2048.99
161.76 2041.65
161.796 2034.03
161.827 2024.8
161.853 2019.27
161.884 2014.64
161.915 2010.65
161.941 2007.32
161.979 2004.49
162.008 2003.47
162.034 2005.76
162.067 2008.77
162.094 2010.78
162.12 2012.61
162.153 2014.33
162.182 2017.09
162.222 2017.15
162.253 2018.42
162.286 2019.59
162.317 2018.09
162.348 2014.29
162.383 2010.98
162.414 2005.61
162.445 2001.04
162.473 1994.58
162.507 1988.83
162.537 1983.93
162.571 1979.66
162.602 1974.58
162.635 1967.71
162.663 1960.53
162.708 1951.91
162.743 1945.59
162.78 1936.59
162.788 1929.06
162.825 1920.23
162.851 1907.76
162.878 1901.48
162.904 1895.06
162.937 1887.27
162.968 1883.75
163.008 1879.66
163.035 1879.39
163.067 1878.16
163.094 1880.37
163.127 1882.39
163.156 1883.1
163.195 1883.86
163.231 1884.58
163.266 1886.44
163.301 1888.12
163.337 1887.72
163.367 1887.29
163.399 1886.31
163.432 1884.1
163.467 1880.13
163.507 1876.88
163.538 1872.19
163.564 1869.01
163.604 1867.14
163.635 1865.68
163.664 1863.79
163.699 1864.51
163.734 1866.13
163.763 1870.17
163.798 1873.91
163.829 1877.41
163.86 1880.34
163.895 1884.29
163.924 1889.32
163.964 1891.77
163.999 1894.15
164.035 1895.69
164.061 1896.59
164.094 1899.27
164.121 1903.17
164.149 1905.66
164.18 1909.42
164.209 1921.18
164.238 1939.65
164.267 1969.02
164.293 2012.2
164.311 2073.41
164.336 2150
164.36 2259.59
164.374 2390.85
164.411 2534.81
164.438 2676.11
164.464 2815.39
164.494 2949.72
164.524 3078.24
164.546 3203.37
164.573 3318.12
164.605 3425.51
164.65 3495.27
164.677 3559.13
164.707 3602.96
164.734 3631.08
164.753 3644.46
164.787 3636.42
164.813 3618.73
164.844 3581.22
164.871 3537.83
164.897 3490.34
164.924 3427
164.95 3362.34
164.977 3298.27
165.003 3237.54
165.03 3174.28
165.063 3108
165.094 3046.96
165.12 2986.38
165.16 2930.56
165.19 2872.86
165.231 2819.93
165.262 2766.01
165.288 2715.22
165.315 2669.29
165.341 2620.46
165.376 2574.56
165.403 2532.36
165.434 2497.05
165.46 2465.32
165.496 2435.54
165.531 2410.53
165.562 2382.77
165.597 2359.45
165.624 2338.17
165.659 2318.85
165.69 2295.43
165.717 2273.23
165.752 2252.65
165.778 2238.12
165.805 2224.08
165.84 2210.39
165.867 2198.93
165.902 2186.56
165.933 2175.64
165.964 2164.39
165.99 2157.06
166.023 2151.23
166.054 2144.07
166.081 2135.9
166.112 2124.08
166.138 2114.89
166.169 2109.71
166.196 2105.23
166.235 2101.74
166.262 2098.87
166.288 2093.93
166.315 2087.95
166.346 2080.46
166.377 2071.67
166.403 2066.61
166.432 2058.3
166.463 2047.42
166.489 2036.56
166.518 2028.03
166.545 2023.68
166.571 2019.85
166.606 2014.63
166.644 2010.94
166.675 2008.74
166.701 2008.7
166.741 2011.67
166.768 2013.07
166.794 2014.59
166.821 2014.27
166.854 2016.94
166.862 2016.16
166.887 2016.72
166.918 2016.46
166.951 2021.34
166.985 2021.9
167.01 2022.68
167.028 1721.08
167.061 1721.23
167.091 1724.45
167.116 1725.07
167.145 1729.82
167.172 1733.99
167.198 1734.44
167.236 1736.83
167.262 1737.02
167.289 1739.08
167.315 1740.89
167.353 1744.37
167.384 1745.52
167.41 1749.57
167.437 1750.19
167.463 1750.33
167.494 1749.93
167.514 1759.81
167.533 1795.97
167.567 1821.2
167.602 1828.42
167.629 1833.51
167.657 1839.63
167.684 1845.45
167.71 1852.58
167.739 1862.07
167.766 1871.17
167.796 1883.53
167.841 1896.55
167.867 1907.04
167.894 1918.48
167.922 1926.85
167.949 1937.04
167.975 1944.23
168.006 1951.06
168.042 1958.41
168.075 1963.62
168.103 1966.74
168.132 1971.42
168.159 1975.53
168.185 1975.9
168.214 1979.28
168.242 1982.82
168.269 1985.92
168.3 1986.59
168.333 1987.72
168.364 1986.82
168.39 1986.6
168.419 1985.7
168.446 1983.97
168.474 1980.7
168.505 1980.56
168.513 1976.28
168.531 1672.89
168.554 1669.61
168.58 1666.73
168.613 1665.17
168.64 1662.85
168.666 1661.74
168.695 1660.77
168.722 1661.91
168.748 1662.9
168.775 1660.8
168.808 1659.91
168.836 1658.17
168.857 1658.06
168.878 1658.07
168.909 1655.74
168.938 1655.6
168.964 1654.53
168.991 1654.23
169.024 1676.21
169.055 1697.29
169.096 1707.99
169.117 1719.55
169.15 1730.46
169.176 1743.93
169.207 1760.54
169.24 1776.04
169.271 1792.83
169.3 1805.88
169.319 1817.97
169.346 1828.72
169.373 1840.47
169.399 1850.02
169.426 1857.58
169.452 1868.78
169.483 1878.14
169.519 1884.61
169.55 1889.98
169.581 1894.98
169.611 1900.1
169.64 1906.39
169.671 1913.48
169.7 1920.41
169.731 1929.9
169.757 1936.58
169.788 1943.37
169.828 1950.47
169.854 1958.44
169.881 1965.6
169.907 1969.74
169.934 1971.6
169.954 1974.86
169.987 1977.41
170.016 1975.08
170.046 1972.52
170.077 1969.18
170.11 1965.22
170.141 1959.19
170.168 1953.81
170.205 1949.68
170.232 1943.53
170.267 1937.16
170.309 1934.19
170.34 1931.35
170.367 1928.82
170.397 1924.32
170.428 1920.49
170.457 1915.97
170.484 1913.24
170.51 1908.59
170.545 1904.71
170.576 1900.14
170.603 1894.94
170.632 1888.22
170.658 1883.53
170.696 1878.45
170.731 1871.88
170.762 1866.12
170.808 1862.33
170.837 1856.68
170.863 1853.93
170.89 1853.8
170.921 1852.64
170.949 1854.71
170.985 1856.65
171.016 1860.44
171.042 1861.53
171.078 1862.65
171.108 1863.63
171.142 1864.5
171.168 1867.27
171.195 1866.76
171.221 1866.33
171.252 1865.98
171.294 1867.91
171.325 1866.07
171.351 1864.47
171.378 1863.31
171.413 1865.14
171.441 1862.8
171.466 1863.85
171.495 1862.53
171.53 1863.85
171.561 1867.23
171.592 1871.31
171.621 1875.82
171.647 1881.83
171.674 1888.26
171.707 1889.89
171.716 1894.4
171.74 1895.29
171.773 1897.29
171.804 1898.86
171.835 1900.3
171.861 1899.52
171.897 1899
171.928 1894.47
171.954 1893.49
171.983 1889.36
172.023 1883.75
172.058 1878.94
172.089 1873.78
172.118 1870.75
172.148 1868.65
172.179 1867.56
172.206 1864.04
172.239 1859.63
172.27 1857.72
172.305 1855.56
172.336 1855.98
172.345 1853.62
172.371 1852.47
172.398 1852.19
172.429 1849.31
172.455 1848.45
172.488 1847.11
172.528 1846.19
172.564 1845.62
172.594 1844
172.623 1841.25
172.654 1841.88
172.682 1841.87
172.707 1843.57
172.74 1850.42
172.768 1853.61
172.8 1856.08
172.826 1861.35
172.862 1867.55
172.888 1871.78
172.923 1872.73
172.95 1875.32
172.983 1877.72
173.023 1883.24
173.063 1886.55
173.093 1888.14
173.122 1888.33
173.153 1889.52
173.184 1889.3
173.21 1889.72
173.244 1890.16
173.27 1888.76
173.297 1888.22
173.323 1889.3
173.352 1895.28
173.387 1902.12
173.418 1908.1
173.445 1916.81
173.473 1926.51
173.513 1937.06
173.548 1948.9
173.579 1959.52
173.61 1968.3
173.641 1976.75
173.672 1984.91
173.698 1991.02
173.732 1998.24
173.76 2006.6
173.787 2012.47
173.813 2020.56
173.84 2027.15
173.875 2035.39
173.906 2042.71
173.932 2050.33
173.961 2056.96
173.997 2065.09
174.027 2071.18
174.056 2079.3
174.087 2085.54
174.112 2090.54
174.133 2097.29
174.164 2102.48
174.191 2105.76
174.226 2110.79
174.257 2117.71
174.29 2120.8
174.31 2123.49
174.343 2126.22
174.383 2130.57
174.412 2131.4
174.44 2134.75
174.469 2137.33
174.504 2145.26
174.531 2148.83
174.566 2154.28
174.595 2159.66
174.619 2166.95
174.627 1842.03
174.659 1839.77
174.678 1838.95
174.687 1835.72
174.689 1835.76
174.691 1834.74
174.702 1837.59
174.705 1839.05
174.741 1838.21
174.767 1836.52
174.8 1836.72
174.828 1836.17
174.853 1833.97
174.889 1835.89
174.917 1842.48
174.945 1850.41
174.973 1868.56
175.001 1899.54
175.019 1974.5
175.046 2037.11
175.062 2134.07
175.087 2247.94
175.118 2384.72
175.139 2526.43
175.167 2665.01
175.199 2799.38
175.23 2928.58
175.259 3051.82
175.281 3171.63
175.309 3281.08
175.341 3383.26
175.365 3550.9
175.396 3615.73
175.427 3671.19
175.47 3675.31
175.501 3656.23
175.532 3625.74
175.563 3585.1
175.589 3528.72
175.62 3467.92
175.647 3400.01
175.673 3334.86
175.7 3260.41
175.735 3186.5
175.762 3118.97
175.79 3058.1
175.817 3000.55
175.854 2959.8
175.885 2924.59
175.909 2885.92
175.936 2858.91
175.962 2836.27
175.989 2810.22
176.02 2782.91
176.049 2755.37
176.084 2729.67
176.119 2697.14
176.15 2665.9
176.179 2630.68
176.21 2595.24
176.238 2558.93
176.269 2525.66
176.309 2497.43
176.349 2468.51
176.384 2435.68
176.413 2406.39
176.434 2381.81
176.457 2359.63
176.486 2341.11
176.517 2324.39
176.543 2311.48
176.57 2298.6
176.605 2285.92
176.636 2275.13
176.665 2261.75
176.7 2252.62
176.729 2243.06
176.755 2234.83
176.784 2226.56
176.815 2217.51
176.841 2212.26
176.872 2204.12
176.903 2197.27
176.931 2190.07
176.947 1846.04
176.951 1839.36
176.978 1834.66
177.005 1829.14
177.031 1824.34
177.041 1820.14
177.06 1814.23
177.088 1813.42
177.097 1812.49
177.119 1811.9
177.128 1810.34
177.138 1807.37
177.139 1805.23
177.15 1804.52
177.152 1802.86
177.159 1801.89
177.161 1800.01
177.19 1799.94
177.209 1801.94
177.218 1803.79
177.228 1803.75
177.238 1804.25
177.248 1803.65
177.257 1802.35
177.267 1804.51
177.286 1803.38
177.305 1804.46
177.331 1804.86
177.36 1805.21
177.389 1805.52
177.422 1805.46
177.451 1825.67
177.484 1846.26
177.512 1852.64
177.546 1860.88
177.581 1872.28
177.612 1881.2
177.641 1887.28
177.685 1899.44
177.72 1908.81
177.751 1915.91
177.779 1925.59
177.804 1936.72
177.839 1949.48
177.87 1959.33
177.901 1973.46
177.936 1986.48
177.967 1996.75
177.998 2001.55
178.025 2004.78
178.056 2010.63
178.082 2012.95
178.109 2013.8
178.135 2016.4
178.152 2019
178.179 2020.15
178.21 2016.57
178.241 2012.79
178.27 2005.03
178.31 1996.14
178.345 1990.68
178.38 1983.79
178.388 1970.43
178.398 1667.78
178.413 1664.39
178.423 1660.48
178.426 1659.84
178.428 1658.33
178.435 1657.91
178.473 1658.35
178.506 1658.16
178.537 1658
178.568 1657.86
178.599 1659.64
178.621 1662.05
178.654 1664.27
178.685 1668.15
178.716 1671.56
178.747 1672.62
178.775 1671.41
178.806 1672.4
178.842 1673.22
178.873 1696.68
178.903 1715.47
178.95 1732.08
178.983 1745.48
179.012 1758.13
179.04 1771.8
179.071 1784.16
179.104 1799.72
179.14 1811.18
179.166 1823.58
179.193 1832.97
179.226 1842.33
179.255 1850.49
179.286 1858.07
179.316 1864.41
179.343 1867.36
179.369 1868.12
179.398 1868.3
179.425 1868.42
179.451 1867.55
179.478 1865.35
179.506 1861.61
179.533 1858.56
179.562 1856.9
179.59 1854.46
179.626 1856.75
179.656 1858.57
179.683 1861.21
179.718 1865.65
179.746 1871.4
179.771 1877.48
179.8 1883.08
179.826 1886.87
179.855 1890.46
179.884 1891.39
179.91 1891.06
179.939 1891.03
179.966 1892.12
179.996 1893.56
180.023 1891.12
180.054 1889.17
180.083 1885.74
180.114 1880.57
180.149 1873.81
180.18 1865.87
180.219 1857.02
180.255 1847.72
180.274 1839.42
180.283 1553.91
180.294 1548.85
180.321 1544.43
180.354 1539.69
180.387 1535.57
180.42 1534.51
180.447 1533.58
180.473 1534.54
180.5 1534.73
180.529 1533.37
180.555 1534.6
180.584 1534.69
180.615 1534.91
180.65 1533.2
180.677 1533.49
180.703 1533.58
180.734 1532.27
180.76 1531.16
180.772 1530.36
180.806 1567.33
180.829 1594.77
180.862 1607.35
180.889 1621.97
180.921 1633.32
180.944 1645.39
180.97 1657.24
181.008 1673.55
181.041 1685.74
181.07 1699.24
181.098 1712.74
181.131 1727.2
181.16 1737.79
181.187 1748.17
181.215 1756.04
181.246 1764.34
181.279 1770.45
181.306 1772.42
181.339 1773.57
181.372 1774.16
181.401 1774.9
181.432 1778.08
181.466 1782.81
181.494 1784.68
181.522 1789.04
181.555 1794.41
181.582 1799.05
181.611 1806.68
181.637 1813.51
181.664 1818.14
181.69 1821.39
181.717 1826.72
181.743 1829.09
181.772 1829.34
181.803 1830.14
181.831 1830.66
181.86 1830.26
181.891 1827.39
181.926 1823.03
181.966 1819.13
181.993 1814.59
182.026 1809.2
182.059 1803.27
182.085 1795.75
182.104 1790.99
182.114 1516.94
182.12 1513.72
182.122 1510.04
182.158 1505.96
182.198 1501.8
182.224 1498.17
182.236 1494.15
182.247 1491.54
182.259 1492.28
182.291 1492.19
182.317 1492.1
182.346 1494.83
182.372 1495.28
182.399 1493.58
182.432 1492.11
182.472 1493.75
182.507 1494.32
182.542 1495.69
182.564 1495.46
182.591 1495.55
182.626 1527.35
182.655 1537.25
182.686 1546.57
182.712 1555.66
182.748 1564.44
182.776 1574.78
182.803 1585.04
182.829 1592.64
182.858 1601.54
182.891 1611.17
182.922 1621.72
182.949 1630.33
182.982 1638.86
183.013 1646.85
183.039 1654.26
183.066 1658.94
183.097 1661.12
183.132 1661.95
183.174 1660.49
183.202 1659.46
183.238 1659.16
183.264 1660.41
183.293 1660.27
183.324 1662.79
183.346 1664.93
183.377 1665.3
183.403 1667.56
183.43 1671.4
183.459 1675.18
183.479 1677.93
183.496 1681.09
183.523 1684.04
183.551 1684.61
183.582 1686.05
183.618 1684.84
183.662 1685.25
183.688 1684.78
183.724 1685.32
183.75 1684.32
183.777 1681.48
183.81 1679.41
183.845 1673.6
183.872 1670.35
183.902 1665.72
183.929 1661.61
183.955 1656.12
183.989 1649.92
183.999 1643.73
184.01 1391.19
184.022 1388.11
184.039 1384.9
184.05 1381.83
184.065 1381.02
184.078 1377.92
184.081 1375.74
184.114 1374.12
184.127 1372.43
184.147 1372.32
184.153 1373.2
184.156 1373.19
184.196 1372.9
184.231 1373.98
184.258 1373.09
184.287 1372.05
184.32 1370.36
184.358 1369.94
184.383 1372.17
184.395 1377
184.432 1376.56
184.459 1377.55
184.488 1378.64
184.515 1426.06
184.552 1440.64
184.578 1449.11
184.607 1458.22
184.619 1465.91
184.647 1475.87
184.675 1490.72
184.71 1505.76
184.735 1519.3
184.761 1533.1
184.792 1545.79
184.828 1559.59
184.854 1568.43
184.881 1576.07
184.907 1581.69
184.936 1588.72
184.968 1595.69
184.993 1601.4
185.029 1607.54
185.057 1611.14
185.084 1614.65
185.11 1617.75
185.148 1625.86
185.183 1631.54
185.21 1637.85
185.236 1645.76
185.263 1651.15
185.289 1656.06
185.316 1661.7
185.346 1667.45
185.377 1670.76
185.404 1674.46
185.43 1675.76
185.457 1674.31
185.483 1673.06
185.51 1672.33
185.539 1674.33
185.574 1673.8
185.607 1675.46
185.64 1674.73
185.667 1676.21
185.698 1682.89
185.728 1693.29
185.759 1705.43
185.789 1733.18
185.809 1780.52
185.829 1846.76
185.857 1948.08
185.883 2069.18
185.909 2191.99
185.94 2312.06
185.97 2428.46
186.013 2540.36
186.04 2647.09
186.065 2748.11
186.097 2843.04
186.134 2928.44
186.161 2992.2
186.192 3048.91
186.223 3099.31
186.266 3097.64
186.297 3086.1
186.324 3059.29
186.355 3025.96
186.385 2980.23
186.412 2924.01
186.438 2873.39
186.465 2823.2
186.5 2773.8
186.527 2720.21
186.553 2674.04
186.584 2627.16
186.615 2592.39
186.65 2558.57
186.671 2527.99
186.699 2505.29
186.725 2479.91
186.752 2451.05
186.787 2422.83
186.818 2395.24
186.845 2364.35
186.871 2334.52
186.898 2303.5
186.926 2270.77
186.962 2239.95
186.997 2211.69
187.028 2187.06
187.068 2163.19
187.099 2136.15
187.13 2114.59
187.156 2093.32
187.187 2071.95
187.222 2054.05
187.258 2036.2
187.288 2015.65
187.315 1994.84
187.353 1975.16
187.386 1957.7
187.425 1937.93
187.465 1918.71
187.5 1900.17
187.549 1879.78
187.584 1860.04
187.62 1841.01
187.651 1822.58
187.686 1804.75
187.712 1787.68
187.732 1757.49
187.743 1484.12
187.745 1474.83
187.776 1466.8
187.811 1449.17
187.824 1446.08
187.835 1443.51
187.863 1441.21
187.889 1440.1
187.929 1439.19
187.969 1440.06
187.995 1440.85
188.022 1439.98
188.048 1440.96
188.088 1440.05
188.119 1439.3
188.15 1438.67
188.185 1438.15
188.216 1436.08
188.24 1444.12
188.264 1234.91
188.275 1233.23
188.302 1232.02
188.333 1231.35
188.365 1232.31
188.39 1231.74
188.421 1232.66
188.448 1233.86
188.483 1234.91
188.51 1236.54
188.543 1240.73
188.58 1244.11
188.609 1248.53
188.637 1253.15
188.664 1258.69
188.699 1263.18
188.727 1278.53
188.759 1303.61
188.786 1310.13
188.814 1315.54
188.843 1324.35
188.883 1332.08
188.916 1338.82
188.942 1344.91
188.971 1352.7
189.015 1360.37
189.055 1368.49
189.081 1372.48
189.11 1378.63
189.15 1385.22
189.185 1389.52
189.216 1392.9
189.249 1396.11
189.289 1398.77
189.315 1400.26
189.349 1402.22
189.375 1401.26
189.41 1399.39
189.441 1397.61
189.47 1395.96
189.501 1394.66
189.533 1392.87
189.561 1388.95
189.589 1385.71
189.618 1382.69
189.649 1378.58
189.675 1374.93
189.702 1373.43
189.728 1371.68
189.759 1372
189.79 1373.92
189.817 1374.78
189.843 1375.56
189.87 1379.54
189.896 1381.94
189.925 1384.93
189.954 1387.14
189.98 1390.38
190.007 1392.17
190.046 1393.43
190.075 1392.72
190.104 1393.24
190.132 1394.29
190.163 1393.6
190.19 1391.29
190.221 1388.51
190.254 1386.12
190.285 1385.65
190.311 1383.57
190.338 1381.76
190.364 1380.17
190.395 1379.86
190.422 1379.31
190.448 1381.54
190.479 1381.87
190.51 1381.85
190.536 1382.62
190.565 1385.25
190.592 1388.39
190.618 1388.33
190.651 1386.65
190.682 1385.17
190.713 1383.89
190.748 1380.34
190.784 1377.25
190.81 1374.56
190.841 1370.62
190.872 1364.81
190.885 1356.56
190.897 1147.34
190.929 1145.59
190.956 1143.84
190.989 1141.66
191.02 1141.28
191.047 1140.73
191.073 1139.58
191.103 1140.12
191.126 1140.35
191.157 1139.9
191.192 1139.51
191.223 1137.88
191.258 1136.46
191.289 1135.88
191.32 1134.73
191.351 1134.39
191.38 1146.39
191.418 1171.14
191.447 1192.64
191.476 1201.22
191.497 1209.35
191.526 1217.07
191.57 1227.39
191.598 1237.28
191.636 1251.08
191.665 1263.17
191.696 1275.73
191.729 1288.92
191.755 1301.32
191.788 1314.37
191.824 1326.8
191.852 1335.54
191.888 1342.84
191.914 1348.99
191.95 1353.1
191.985 1356.24
192.016 1362.28
192.042 1367.98
192.069 1372.7
192.094 1374.36
192.122 1380.69
192.148 1384.6
192.177 1389.43
192.208 1392.39
192.239 1399.41
192.265 1403.74
192.292 1408.69
192.318 1410.59
192.347 1412.5
192.387 1413.47
192.413 1414.44
192.451 1414.44
192.495 1415.28
192.535 1414.21
192.561 1410.43
192.592 1408.93
192.621 1405.88
192.647 1403.26
192.676 1399.53
192.711 1396.68
192.742 1392.48
192.782 1390.51
192.813 1385.21
192.848 1380.09
192.878 1375.56
192.914 1370.26
192.945 1366.39
192.972 1362.15
193.001 1358.58
193.04 1355.8
193.067 1352.34
193.102 1351.46
193.129 1347.9
193.157 1345.65
193.186 1344.17
193.212 1141.18
193.227 1139.83
193.235 1137.99
193.263 1136.79
193.29 1135.1
193.323 1134.28
193.346 1135.96
193.369 1134.83
193.4 1136.22
193.433 1136.79
193.466 1137.94
193.5 1140.75
193.535 1143.23
193.565 1149.53
193.595 1156.45
193.625 1164.5
193.662 1183.7
193.698 1212.71
193.731 1243.28
193.762 1255.78
193.789 1268.31
193.815 1279.44
193.857 1294.16
193.893 1307.15
193.921 1318.23
193.95 1330
193.983 1344.45
194.014 1357.17
194.041 1367.79
194.071 1379.43
194.102 1389.69
194.133 1397.15
194.164 1401.31
194.191 1405.49
194.219 1408.11
194.246 1410.75
194.272 1411.85
194.317 1413.91
194.347 1416.43
194.387 1418.08
194.416 1418.59
194.445 1420.3
194.48 1418.95
194.511 1417.08
194.544 1415.54
194.579 1412.82
194.61 1408.62
194.646 1403.75
194.676 1399.41
194.707 1395.39
194.734 1391.38
194.76 1386.37
194.809 1383.53
194.84 1380.2
194.88 1377.95
194.91 1375.71
194.944 1371.51
194.975 1367.86
195.01 1363.39
195.041 1359.47
195.083 1354.99
195.118 1350.18
195.131 1344.92
195.144 1139.02
195.18 1137.03
195.219 1134.91
195.227 1132.41
195.245 1130.88
195.253 1128.9
195.261 1127.58
195.303 1126.17
195.31 1125.85
195.326 1126.31
195.359 1125.98
195.385 1125.7
195.416 1126.11
195.447 1127.76
195.478 1128.58
195.509 1130.6
195.539 1132.39
195.57 1134.77
195.592 1136.86
195.623 1163.38
195.668 1196.59
195.697 1209.62
195.73 1222.44
195.765 1238.59
195.779 1248.72
195.82 1269.29
195.847 1284.66
195.878 1300.74
195.913 1314.54
195.942 1326.95
195.973 1338.68
196.003 1349.36
196.034 1360.61
196.065 1370.79
196.092 1378.74
196.12 1384.15
196.151 1389.18
196.178 1391.2
196.207 1396.33
196.24 1399.49
196.277 1403.43
196.304 1406.14
196.335 1409.27
196.347 1411.04
196.381 1417.86
196.418 1427.41
196.442 1455.92
196.466 1500.4
196.489 1573.11
196.511 1667.77
196.531 1766.18
196.57 1862.33
196.588 1955.48
196.624 2046.86
196.65 2132.08
196.682 2214.89
196.713 2290.45
196.743 2381.65
196.772 2472.18
196.8 2536.6
196.825 2595.73
196.852 2642.56
196.887 2670.76
196.918 2685.84
196.953 2688.93
196.984 2673.44
197.011 2655.86
197.037 2628.3
197.064 2597.48
197.094 2559.77
197.125 2515.54
197.152 2472.54
197.185 2428.34
197.216 2386.1
197.242 2347.34
197.287 2305.72
197.322 2266.69
197.357 2226.7
197.388 2184.22
197.428 2141.19
197.468 2098.08
197.507 2055.27
197.543 2010.72
197.585 1969.68
197.616 1933.38
197.649 1900.74
197.688 1873.74
197.728 1851.37
197.763 1829.67
197.794 1811.93
197.843 1794.59
197.883 1777.65
197.927 1761.1
197.967 1744.1
197.993 1731.93
198.022 1719.62
198.048 1706.92
198.084 1692.65
198.11 1678.13
198.141 1663.98
198.176 1650.81
198.212 1638.73
198.251 1625.45
198.309 1611.02
198.332 1594.87
198.36 1578.31
198.386 1562.65
198.413 1547.04
198.439 1531.64
198.472 1517.08
198.503 1504.39
198.532 1493.49
198.561 1483.95
198.591 1475.92
198.618 1469.17
198.653 1465.28
198.68 1461.62
198.706 1458.03
198.742 1456.86
198.768 1454.24
198.801 1453.02
198.828 1451.52
198.856 1452.7
198.905 1452.45
198.936 1451.23
198.965 1451.59
198.991 1452.12
199.026 1451.95
199.053 1450.78
199.095 1449.55
199.126 1445.31
199.157 1441.82
199.188 1439.82
199.214 1437.44
199.252 1434.73
199.278 1432.34
199.307 1432.22
199.336 1431.94
199.364 1432.97
199.413 1432.55
199.442 1433.64
199.47 1437.15
199.506 1438.46
199.53 1439.72
199.556 1441.02
199.583 1444.82
199.609 1447.64
199.638 1450.61
199.669 1453.41
199.7 1457.99
199.74 1464.03
199.766 1469.28
199.793 1474.24
199.824 1479.28
199.85 1484.2
199.879 1488.31
199.914 1493.84
199.943 1499.28
199.969 1503.25
199.996 1506.98
