40.211 11.035
40.4558 88.029
40.4619 172.759
40.468 254.552
40.4915 262.625
40.5345 269.302
40.6568 605.135
40.6744 628.688
40.6928 656.529
40.7042 682.865
40.7142 707.813
40.731 731.482
40.7669 1195.36
40.8044 1255.18
40.8159 1270.5
40.8512 1382.62
41.3526 1469.68
41.3791 1478.25
41.4807 1523.47
44.7349 1613.93
44.8804 1657
49.5804 1704.25
49.5931 1718.64
54.4509 1697.69
55.009 1709.41
55.0342 1757.62
55.0957 1784.92
55.1435 1815.08
56.0566 1844.95
56.8909 1866.43
58.7686 1867.59
59.6591 1867.66
59.6938 1867.71
59.7169 1867.83
59.7747 1867.86
60.3287 1885.41
60.3746 1887.16
60.4062 1892.71
60.4349 1898.44
60.4614 1930.84
65.5655 1874.24
66.9176 1871.66
67.1176 1893.47
67.1481 1976.15
67.1699 1988.76
68.1256 1988.95
68.1799 1993.68
68.9053 2007.53
68.981 2010.87
69.0025 2033.46
70.2441 2033.52
75.4351 1924.07
77.6615 2030.09
78.1919 2037.21
78.2202 2063.52
78.3319 2070.11
80.2593 2096.27
82.07 2099.11
88.6815 1899.8
92.6201 1807.66
94.9687 1751.29
98.9372 1708.45
100.075 1630.43
103.425 1537.53
103.92 1496
108.747 1439.14
111.433 1432.16
113.366 1375.71
117.705 1365.56
119.47 1313.1
122.687 1286.06
124.149 1242.22
128.687 1206.38
132.435 1185.11
133.321 1160.54
136.249 1151.85
136.499 1160.54
136.685 1162.85
138.357 1163.39
143.175 1160.83
145.041 1086.96
145.432 1094.4
150.345 1076.93
154.67 1038.25
154.764 1074.26
154.814 1102.27
156 1103.5
156.431 1104.12
156.574 1115.41
156.602 1128.66
156.632 1145.93
156.66 1159.65
156.67 1166.41
156.707 1184.73
156.734 1198.85
156.761 1213.32
156.797 1226.74
158.614 1244.3
158.649 1260.41
158.666 1278.21
158.733 1281.56
158.767 1292.85
159.936 1292.95
160.58 1310.43
160.602 1328.38
160.635 1346.83
160.667 1365.81
160.698 1405.56
160.714 1411.35
160.76 1431.52
160.79 1452.27
160.804 1473.63
162.153 1473.8
162.657 1478.77
162.686 1492.65
162.701 1506.8
162.73 1535.39
162.772 1554.27
164.019 1554.4
164.227 1576.61
169.172 1549
173.058 1527.04
175.845 1484.43
178.198 1490.14
178.227 1498.26
178.371 1511.51
178.385 1532.05
178.402 1536.34
179.85 1536.49
180.154 1579.26
180.305 1579.93
180.346 1581.53
181.835 1581.72
184.123 1582.81
185.567 1582.88
188.297 1584.66
188.31 1608.09
189.264 1608.1
189.291 1615.27
190.029 1629.2
190.069 1657.53
190.108 1674.39
190.134 1675.66
190.224 1696.84
195.664 1695.86
197.07 1679.62
