0.205925 11.31
0.414989 205.946
0.421293 302.444
0.450822 306.511
0.462634 340.95
0.468541 417.316
0.480353 479.056
0.492165 535.621
0.552723 777.833
0.56716 812.461
0.576341 844.866
0.589664 875.268
0.602492 903.847
0.614915 930.762
0.626978 1652.58
0.672278 1831.97
0.84508 1841.86
0.853208 1903.82
0.85714 1970.82
0.860938 2030.75
0.864624 2088.17
0.867721 2161.03
0.875135 2216.42
0.878512 2294.79
0.881198 2349.29
0.888146 2401.56
0.891262 2487.21
0.897282 2537.33
0.917932 2809.09
0.938606 3126.9
0.967971 3670.19
1.26597 3697.54
1.28805 3779.34
1.31013 4135.63
1.33221 4891.3
2.00206 4891.42
2.36859 4900.78
5.05695 4891.52
11.8407 4891.47
11.9996 4891.48
12.3836 4891.5
18.485 4891.48
23.4107 4891.5
25.9851 4891.49
26.9344 4891.5
34.3681 4891.52
44.2498 4849.14
45.4711 4287.35
49.8111 3829.67
51.1029 3699.71
51.3836 3746
51.4124 3808.81
51.4348 3846.15
56.371 3481.22
59.2307 3386.29
62.3095 3223.35
66.0542 3154.21
66.3877 3190.84
66.434 3230.91
67.3465 3231.6
67.4873 3243.69
71.8498 3187.59
74.2604 3175.21
76.1679 3175.54
76.3039 3184.11
77.1899 3327.49
77.9256 3338.5
82.9318 3189.09
86.67 2864.35
91.101 2767.42
92.5517 2635.81
97.2127 2570.78
101.172 2512.35
103.326 2478.01
104.858 2492.45
104.884 2500.49
104.91 2544.24
110.734 2536.23
114.843 2434.57
114.981 2445.65
115.041 2478.85
120.652 2402.17
121.981 2396.46
125.294 2379.85
129.61 2301.75
131.066 2250.46
133.197 2191.13
134.406 2141.35
135.916 2054.79
138.747 2040.44
139.744 1992.75
142.283 1928.59
144.966 1853.76
147.629 1768.21
151.027 1723.11
154.551 1649.72
156.056 1562.49
156.25 1565.22
156.277 1579.26
160.994 1604.09
161.704 1638.23
161.744 1653.4
161.796 1676.36
163.167 1676.5
163.234 1683.52
165.749 1695.01
165.787 1709.55
170.916 1694.32
170.967 1705.22
171.001 1709.67
171.102 1710.56
171.153 1733.32
171.19 1750.1
176.105 1742.11
177.998 1685.23
178.551 1695.65
178.628 1710.86
178.691 1716.33
179.325 1745.74
179.363 1768.22
179.4 1770.19
179.424 1793.48
179.46 1825.46
179.52 1831.34
180.678 1831.44
180.74 1853.38
181.258 1865.54
181.281 1904.49
181.315 1927.74
183.14 1933.81
183.163 2002
183.281 2015.4
187.986 2008.93
188.611 2029.52
188.781 2032.98
189.476 2054.82
189.539 2064.22
189.57 2073.73
189.601 2083.33
189.632 2128.62
189.663 2154
190.545 2156.62
192.334 2179.93
194.135 2180.06
195.289 2182
