1.10406 2134.14
2.10511 4891.19
3.10534 4892.4
4.10629 4795.2
5.10652 4892.4
6.10674 4892.4
7.10696 4892.4
8.10719 4892.4
9.10741 4892.4
10.1076 4892.4
11.1091 2880.99
12.1093 4892.4
13.1095 4892.4
14.1098 4892.4
15.11 4892.4
16.1102 4892.4
17.1104 4892.4
18.1107 4892.4
19.1109 4892.4
20.1111 4892.4
21.1113 4892.4
22.1116 2776.28
23.1118 4892.4
24.112 4892.4
25.1122 4892.4
26.1124 4892.4
27.1127 4892.4
28.1129 4892.4
29.1131 4892.4
30.1133 4892.4
31.1136 4892.4
32.188 4022.6
33.1881 3834
34.1886 4881.6
35.1888 4892.4
36.189 4881.6
37.1893 4881.6
38.1895 4892.4
39.1898 4881.6
40.19 4881.6
41.1922 3794.01
42.1943 3546.11
43.1954 3657.54
44.1975 3901.8
45.1979 2215.83
46.2025 3560.56
47.2027 3434.4
48.2029 3510
49.2032 3510
50.2034 3434.4
51.2037 4212
52.2039 3358.8
53.2042 3358.8
54.2044 3272.4
55.2046 3261.6
56.2051 2042.02
57.2076 3233.53
58.2078 3186
59.208 3121.2
60.2082 3034.8
61.2129 3119.52
62.2131 3121.2
63.2133 3045.6
64.218 3141.04
65.2226 3044.22
66.2228 3283.2
67.2243 1970.97
68.2289 3044.22
69.2292 3034.8
70.2316 3007.19
71.2318 3045.6
72.232 3056.4
73.2367 3065.74
74.2369 2970
75.2393 3017.96
76.2396 3088.8
77.2921 2997.72
78.2983 2372.56
79.3008 3082.63
80.301 3034.8
81.3012 2916
82.3037 2834.73
83.3058 2748.5
84.306 2592
85.3062 2581.2
86.3065 2732.4
87.3089 2629.94
88.4301 1763.55
89.4325 2371.26
90.4327 2581.2
91.4396 2522.86
92.4398 2570.4
93.44 2494.8
94.4403 2494.8
95.4405 2494.8
96.4407 2538
97.4476 2458.45
98.4478 2408.4
99.4493 1422.8
100.452 1994.01
101.454 2274.25
102.461 2351.09
103.461 2354.4
104.464 2403.59
105.464 2376
106.464 2419.2
107.464 2376
108.465 2440.8
109.469 2409.56
110.471 1444.58
111.474 2144.91
112.474 2343.6
113.474 2419.2
114.474 2322
115.475 2397.6
116.475 2278.8
117.479 2345.02
118.484 2301.99
119.491 2147.12
120.496 2280.48
121.496 1382.67
122.496 2084.4
123.503 2265.21
124.508 2345.02
125.508 2268
126.508 2203.2
127.511 2220.36
128.511 2214
129.511 2170.8
130.516 2119.12
131.654 1746.46
132.665 1422.18
133.674 1969.47
134.674 1954.8
135.674 1954.8
136.679 1957.77
137.686 1953.88
138.686 1846.8
139.689 1918.56
140.7 1826.71
141.704 1828.69
142.812 1141.69
143.814 1604.93
144.815 1652.4
145.819 1678.09
146.826 1717.69
147.826 1620
148.838 1623.74
149.838 1641.6
150.842 1667.33
151.847 1559.76
152.865 1571.68
153.878 757.228
154.879 1436.4
155.881 1455.09
156.886 1495.22
157.886 1468.8
158.888 1444.31
159.889 1479.6
160.889 1566
161.889 1566
162.892 1584.43
163.901 1573.44
164.903 902.769
165.907 1452.19
166.912 1602.79
167.919 1621.07
168.921 1616.77
169.926 1624.3
170.935 1669.77
171.942 1610.34
172.946 1721.12
173.958 1548.96
174.991 1307.14
176.007 1177.39
177.008 1566
178.014 1599.6
179.019 1742.63
180.019 1652.4
181.022 1821.56
182.024 1724.55
183.024 1911.6
184.027 1832.34
185.031 2033.07
186.116 1185.86
187.119 1717.15
188.122 1875.45
189.122 2019.6
190.124 1972.46
191.125 2106
192.134 2055.1
193.134 2062.8
194.143 2097.92
195.15 2093.44
196.157 2018.29
197.157 1177.2
198.162 1914.74
199.166 2000.8
200.171 2108.37
200.374 1704.87
