41.1171 940.913
42.1214 1342.61
43.1225 1255.3
44.1269 944.701
45.1404 1673.84
46.1473 1309.74
47.1475 1468.79
48.1566 1370.07
49.159 1368.86
50.1614 1433.53
51.2059 755.433
52.2084 1530.54
53.213 1527.49
54.2132 1620
55.2245 1634.42
56.225 1922.4
57.234 1637.66
58.2365 1724.55
59.2389 1767.66
60.2413 1875.45
61.2416 1771.2
62.2484 1749.9
63.2508 1853.89
64.2511 1760.4
65.2535 1843.11
66.3202 1459.17
67.3281 1437.14
68.3305 1875.45
69.3307 1868.4
70.3332 1875.45
71.34 1846.52
72.3424 1853.89
73.3427 1836
74.3429 1879.2
75.3519 1883.85
76.3522 1825.2
77.354 1032.64
78.3557 1920.48
79.356 1825.2
80.3606 1839.44
81.3675 1696.22
82.3722 1839.44
83.3853 1780.45
84.3965 1687.83
85.4034 1782.11
86.4102 1621.07
87.4171 1792.84
88.4257 1210.98
89.4281 1702.99
90.4283 1652.4
91.433 1731.87
92.442 1701.88
93.4422 1728
94.4447 1713.77
95.4515 1685.49
96.4518 1652.4
97.4564 1635.06
98.4566 1609.2
99.4648 943.127
100.469 1333.86
101.479 1359.37
102.481 1379.64
103.488 1406.36
104.488 1404
105.488 1360.8
106.502 1354
107.513 1442.14
108.522 1348.66
109.527 1419.92
110.544 828.319
111.547 1228.74
112.547 1317.6
113.551 1269.32
114.552 1328.4
115.556 1247.81
116.559 1293.41
117.572 1300.69
118.572 1231.2
119.573 1274.4
120.836 924.247
121.838 873.054
122.852 1172.75
123.852 1209.6
124.859 1180.91
125.868 1177.4
126.868 1155.6
127.877 1188.11
128.877 1155.6
129.9 1109.59
130.909 1166.7
131.954 775.12
132.965 950.742
133.972 1073.56
134.974 1120.96
135.979 1097.21
136.979 1155.6
137.984 1097.21
138.989 1140.24
139.993 1107.97
140.996 1120.96
142 1086.45
143.013 566.134
144.015 959.281
145.02 1064.94
146.022 1023.95
147.027 1021.91
148.032 1011.16
149.036 1011.16
150.036 1058.4
151.046 995.441
152.05 1011.16
153.064 991.51
154.071 483.364
155.073 959.281
156.082 1102.48
157.089 1105.77
158.096 1191.65
159.103 1202.39
160.103 1317.6
161.103 1371.6
162.11 1427.83
163.11 1447.2
164.11 1587.6
165.115 796.55
166.119 1376.89
167.126 1374.16
168.135 1455.7
169.137 1422.75
170.138 1501.2
171.14 1422.75
172.149 1498.51
173.158 1412.88
174.167 1434.29
175.319 928.125
176.334 1358.1
177.334 1339.2
178.337 1498.2
179.337 1350
180.342 1527.49
181.351 1412.88
182.36 1509.22
183.364 1484.46
184.367 1476.65
185.376 1487.81
186.397 940.709
187.406 1305.85
188.413 1470.78
189.413 1566
190.42 1535.19
191.42 1576.8
192.421 1587.6
193.427 1578.13
194.441 1513.92
195.443 1627.54
196.455 1303.53
197.455 1166.4
198.462 1417.1
199.462 1512
200.374 1457.11
