81.5641 234.415
82.5643 345.536
83.573 394.317
84.5776 591.633
85.5867 545.887
86.5869 518.4
87.5937 504.573
88.5979 817.53
89.6158 775.221
90.6337 637.168
91.6361 635.928
92.6518 649.064
93.6608 674.331
94.6611 680.4
95.6657 709.96
96.6703 731.474
97.6728 797.605
98.6752 959.281
99.6812 1977.31
100.71 1397.28
101.71 1252.8
102.717 1127.23
103.726 1123.88
104.729 1110.18
105.742 1140.77
106.751 1091.77
107.762 1089.61
108.763 1058.4
109.765 1099.4
110.767 1864.67
111.781 1396.64
112.781 1209.6
113.788 1202.39
114.795 1256.06
115.801 1288.27
116.802 1274.4
117.802 1317.6
118.804 1347.31
119.813 1423.59
120.814 1738.8
121.814 2170.8
122.821 1567.4
123.841 1387.06
124.85 1391.48
125.855 1452.19
126.861 1545.92
127.868 1481.51
128.882 1535.24
129.882 1652.4
130.891 1594.85
131.897 2310.45
132.908 2189.91
133.915 1814.31
134.915 1836
135.917 1832.34
136.924 1803.58
137.924 1868.4
138.927 1897.01
139.931 1914.74
140.932 1900.8
141.936 2022.31
142.94 2896.51
143.949 2408.33
144.951 2198.8
145.954 2134.13
146.959 2151.39
147.961 2295.81
148.966 2237.45
149.968 2198.8
150.97 2241.92
151.973 2306.59
152.98 2351.09
153.98 3628.8
154.98 2484
155.983 2306.59
156.983 2311.2
157.988 2291.24
158.992 2183.67
160.001 2130.03
161.001 1954.8
162.004 1907.78
163.004 1825.2
164.007 1778.44
165.009 2837.56
166.013 2011.55
167.02 1889.46
168.02 1846.8
169.025 1807.17
170.03 1807.17
171.03 1782
172.03 1803.6
173.03 1738.8
174.033 1886.23
175.038 2417.91
176.041 2295.81
177.05 1980.18
178.052 1821.56
179.052 1771.2
180.055 1735.33
181.062 1642.54
182.073 1623.74
183.077 1570.52
184.078 1501.2
185.084 1460.04
186.089 2172.91
187.097 1960.71
188.104 1578.13
189.104 1350
190.111 1309.74
191.111 1285.2
192.114 1261.08
193.127 1258.05
194.134 1266.75
195.145 1217.8
196.152 1234.59
197.161 2065.81
198.184 1511.15
199.184 1360.8
200.184 1414.8
200.375 1480.46
